-1 NaN NaN NaN NaN NaN 0
0 120 80 479 320 0.469472 0 1 1
1 113 65 480 320 0.465663 0 2 1
2 97 33 480 320 0.714222 0 3 1
3 99 25 481 320 0.715710 0 4 1
4 99 12 482 320 0.723562 0 5 1
5 97 01 480 320 0.755574 0 6 1
6 NaN NaN NaN NaN NaN 0
7 NaN NaN NaN NaN NaN 0
8 120 80 480 320 0.539938 1 1 1
9 93 57 481 321 0.965614 1 2 1
10 49 33 480 320 0.654017 1 3 1
11 08 19 477 318 0.680278 1 4 1
12 NaN NaN NaN NaN NaN 0
13 NaN NaN NaN NaN NaN 0
14 NaN NaN NaN NaN NaN 0
15 NaN NaN NaN NaN NaN 0
16 NaN NaN NaN NaN NaN 0
17 NaN NaN NaN NaN NaN 0
18 NaN NaN NaN NaN NaN 0
19 NaN NaN NaN NaN NaN 0
20 NaN NaN NaN NaN NaN 0
21 NaN NaN NaN NaN NaN 0
22 NaN NaN NaN NaN NaN 0
23 NaN NaN NaN NaN NaN 0
24 NaN NaN NaN NaN NaN 0
25 NaN NaN NaN NaN NaN 0
26 79 79 399 266 0.738612 8 1 1
27 49 33 480 320 0.659641 8 2 1
28 01 01 576 384 0.684198 8 3 1
29 NaN NaN NaN NaN NaN 0
30 NaN NaN NaN NaN NaN 0
31 121 80 478 319 0.418283 9 1 1
32 88 92 472 315 0.409082 9 2 1
33 100 155 333 222 0.731208 9 3 1
34 71 172 327 218 0.679488 9 4 1
35 NaN NaN NaN NaN NaN 0
36 NaN NaN NaN NaN NaN 0
37 120 80 480 320 0.509116 10 1 1
38 73 57 482 321 0.989716 10 2 1
39 34 35 482 321 0.933431 10 3 1
40 06 18 477 317 0.890769 10 4 1
41 01 17 480 320 0.734129 10 5 1
42 01 53 399 266 0.681329 10 6 1
43 NaN NaN NaN NaN NaN 0
44 NaN NaN NaN NaN NaN 0
45 120 80 480 320 0.782882 11 1 1
46 120 75 480 320 0.775328 11 2 1
47 116 71 478 318 0.759358 11 3 1
48 102 65 481 320 0.762834 11 4 1
49 89 61 481 320 0.758971 11 5 1
50 79 59 480 319 0.780863 11 6 1
51 73 62 479 318 0.768773 11 7 1
52 70 63 479 318 0.775598 11 8 1
53 70 65 478 318 0.754403 11 9 1
54 69 72 474 316 0.747182 11 10 1
55 67 79 474 316 0.724595 11 11 1
56 49 65 480 320 0.835174 11 12 1
57 84 72 440 293 0.740374 11 13 1
58 93 80 441 294 0.764815 11 14 1
59 108 92 440 293 0.757587 11 15 1
60 114 110 450 299 0.744629 11 16 1
61 97 129 480 320 0.778733 11 17 1
62 97 129 480 320 0.675801 11 18 1
63 NaN NaN NaN NaN NaN 0
64 NaN NaN NaN NaN NaN 0
65 120 80 480 320 0.545912 12 1 1
66 114 59 489 326 0.941885 12 2 1
67 104 50 485 323 0.925578 12 3 1
68 80 27 497 331 0.898102 12 4 1
69 01 01 576 384 0.710289 12 5 1
70 56 10 485 323 0.762226 12 6 1
71 49 17 528 352 0.795137 12 7 1
72 52 41 530 353 0.803084 12 8 1
73 56 66 532 354 0.810699 12 9 1
74 65 86 539 359 0.780807 12 10 1
75 150 109 484 323 0.804376 12 11 1
76 185 131 484 323 0.845332 12 12 1
77 274 170 399 266 0.644761 12 13 1
78 313 196 399 266 0.660405 12 14 1
79 NaN NaN NaN NaN NaN 0
80 NaN NaN NaN NaN NaN 0
81 120 80 480 320 0.430325 13 1 1
82 NaN NaN NaN NaN NaN 0
83 NaN NaN NaN NaN NaN 0
84 120 80 480 320 0.477024 14 1 1
85 145 01 480 320 0.685429 14 2 1
86 NaN NaN NaN NaN NaN 0
87 NaN NaN NaN NaN NaN 0
88 166 52 287 192 0.789150 15 1 1
89 192 53 249 166 0.737167 15 2 1
90 NaN NaN NaN NaN NaN 0
91 NaN NaN NaN NaN NaN 0
92 120 80 480 320 0.417872 16 1 1
93 130 17 528 352 0.718197 16 2 1
94 193 33 480 320 0.741134 16 3 1
95 193 01 480 320 0.722304 16 4 1
96 NaN NaN NaN NaN NaN 0
97 NaN NaN NaN NaN NaN 0
98 120 80 480 320 0.471540 17 1 1
99 217 23 344 229 0.713587 17 2 1
100 205 03 347 231 0.670725 17 3 1
101 213 06 262 175 0.672339 17 4 1
102 NaN NaN NaN NaN NaN 0
103 NaN NaN NaN NaN NaN 0
104 120 80 480 320 0.534158 18 1 1
105 145 65 480 320 0.789200 18 2 1
106 NaN NaN NaN NaN NaN 0
107 NaN NaN NaN NaN NaN 0
108 120 80 480 320 0.543710 19 1 1
109 169 97 480 320 0.667940 19 2 1
110 145 129 480 320 0.768826 19 3 1
111 NaN NaN NaN NaN NaN 0
112 NaN NaN NaN NaN NaN 0
113 120 80 480 320 0.488465 20 1 1
114 NaN NaN NaN NaN NaN 0
115 NaN NaN NaN NaN NaN 0
116 120 80 480 320 0.563100 21 1 1
117 93 85 471 314 0.946082 21 2 1
118 70 96 458 306 0.860450 21 3 1
119 42 104 448 299 0.812063 21 4 1
120 40 131 399 266 0.671871 21 5 1
121 NaN NaN NaN NaN NaN 0
122 NaN NaN NaN NaN NaN 0
123 120 80 480 320 0.402736 22 1 1
124 NaN NaN NaN NaN NaN 0
125 NaN NaN NaN NaN NaN 0
126 120 80 480 320 0.526982 23 1 1
127 NaN NaN NaN NaN NaN 0
128 NaN NaN NaN NaN NaN 0
129 120 80 480 320 0.631946 24 1 1
130 101 113 470 313 0.977413 24 2 1
131 88 138 453 302 0.845650 24 3 1
132 70 155 449 300 0.850958 24 4 1
133 60 183 399 266 0.696504 24 5 1
134 40 209 399 266 0.747950 24 6 1
135 NaN NaN NaN NaN NaN 0
136 NaN NaN NaN NaN NaN 0
137 120 80 480 320 0.509095 25 1 1
138 134 112 481 321 0.985791 25 2 1
139 127 137 513 342 0.830349 25 3 1
140 183 200 399 266 0.764649 25 4 1
141 196 209 399 266 0.671432 25 5 1
142 NaN NaN NaN NaN NaN 0
143 NaN NaN NaN NaN NaN 0
144 120 80 480 320 0.745907 26 1 1
145 118 20 469 313 0.444533 26 2 1
146 97 00 478 319 0.443591 26 3 1
147 NaN NaN NaN NaN NaN 0
148 NaN NaN NaN NaN NaN 0
149 120 80 480 320 0.641663 27 1 1
150 128 29 485 323 0.951283 27 2 1
151 145 01 480 320 0.759526 27 3 1
152 NaN NaN NaN NaN NaN 0
153 NaN NaN NaN NaN NaN 0
154 120 80 480 320 0.476535 28 1 1
155 NaN NaN NaN NaN NaN 0
156 NaN NaN NaN NaN NaN 0
157 120 80 480 320 0.480068 29 1 1
158 262 255 282 188 0.802912 29 2 1
159 288 283 286 191 0.786362 29 3 1
160 327 302 242 161 0.758855 29 4 1
161 NaN NaN NaN NaN NaN 0
162 NaN NaN NaN NaN NaN 0
163 120 80 480 320 0.339645 30 1 1
164 196 01 399 266 0.679875 30 2 1
165 171 14 440 293 0.831115 30 3 1
166 188 56 434 289 0.796849 30 4 1
167 169 65 480 320 0.701748 30 5 1
168 181 81 487 325 0.670809 30 6 1
169 193 97 480 320 0.657063 30 7 1
170 193 65 480 320 0.658390 30 8 1
171 NaN NaN NaN NaN NaN 0
172 NaN NaN NaN NaN NaN 0
173 120 80 480 320 0.577495 31 1 1
174 138 75 467 311 0.829107 31 2 1
175 138 76 462 307 0.820425 31 3 1
176 NaN NaN NaN NaN NaN 0
177 NaN NaN NaN NaN NaN 0
178 120 80 480 320 0.638326 32 1 1
179 78 87 528 352 0.794443 32 2 1
180 89 108 522 348 0.787597 32 3 1
181 145 129 480 320 0.709090 32 4 1
182 NaN NaN NaN NaN NaN 0
183 NaN NaN NaN NaN NaN 0
184 120 80 480 320 0.345303 33 1 1
185 193 33 480 320 0.660953 33 2 1
186 NaN NaN NaN NaN NaN 0
187 NaN NaN NaN NaN NaN 0
188 120 80 480 320 0.462912 34 1 1
189 NaN NaN NaN NaN NaN 0
190 NaN NaN NaN NaN NaN 0
191 120 80 480 320 0.762775 35 1 1
192 106 86 481 320 0.728718 35 2 1
193 153 134 374 250 0.753108 35 3 1
194 120 119 388 258 0.816292 35 4 1
195 105 106 390 260 0.821490 35 5 1
196 99 93 391 261 0.816596 35 6 1
197 64 56 440 293 0.715992 35 7 1
198 37 39 442 294 0.673681 35 8 1
199 NaN NaN NaN NaN NaN 0
200 NaN NaN NaN NaN NaN 0
201 120 80 480 320 0.632969 36 1 1
202 76 69 484 323 0.843739 36 2 1
203 NaN NaN NaN NaN NaN 0
204 NaN NaN NaN NaN NaN 0
205 120 80 480 320 0.594915 37 1 1
206 141 100 493 328 0.839913 37 2 1
207 162 106 477 318 0.763451 37 3 1
208 174 110 479 319 0.745997 37 4 1
209 194 115 484 323 0.765104 37 5 1
210 234 114 440 293 0.703183 37 6 1
211 247 107 441 294 0.670092 37 7 1
212 255 100 440 294 0.653252 37 8 1
213 261 94 439 293 0.652319 37 9 1
214 274 105 399 266 0.683951 37 10 1
215 288 92 398 265 0.680920 37 11 1
216 274 79 399 266 0.710275 37 12 1
217 234 64 426 284 0.711594 37 13 1
218 208 58 448 298 0.722195 37 14 1
219 178 59 446 297 0.733075 37 15 1
220 141 48 474 316 0.798473 37 16 1
221 72 34 494 329 0.844204 37 17 1
222 26 19 468 312 0.783868 37 18 1
223 01 10 426 284 0.738467 37 19 1
224 NaN NaN NaN NaN NaN 0
225 NaN NaN NaN NaN NaN 0
226 49 33 480 320 0.666742 38 1 1
227 NaN NaN NaN NaN NaN 0
228 NaN NaN NaN NaN NaN 0
229 193 97 480 320 0.697281 39 1 1
230 NaN NaN NaN NaN NaN 0
231 NaN NaN NaN NaN NaN 0
232 120 80 480 320 0.429900 40 1 1
233 143 127 485 323 0.434198 40 2 1
234 NaN NaN NaN NaN NaN 0
235 NaN NaN NaN NaN NaN 0
236 120 80 480 320 0.466650 41 1 1
237 143 120 448 299 0.470211 41 2 1
238 NaN NaN NaN NaN NaN 0
239 NaN NaN NaN NaN NaN 0
240 120 80 480 320 0.489686 42 1 1
241 124 111 477 318 0.477905 42 2 1
242 129 140 476 317 0.468906 42 3 1
243 NaN NaN NaN NaN NaN 0
244 NaN NaN NaN NaN NaN 0
245 120 80 480 320 0.582477 43 1 1
246 115 39 576 384 0.688939 43 2 1
247 NaN NaN NaN NaN NaN 0
248 NaN NaN NaN NaN NaN 0
249 120 80 480 320 0.410092 44 1 1
250 NaN NaN NaN NaN NaN 0
251 NaN NaN NaN NaN NaN 0
252 120 80 480 320 0.483166 45 1 1
253 125 80 496 331 0.489097 45 2 1
254 142 83 504 336 0.489815 45 3 1
255 168 85 504 336 0.492429 45 4 1
256 190 83 513 342 0.492245 45 5 1
257 NaN NaN NaN NaN NaN 0
258 NaN NaN NaN NaN NaN 0
259 120 80 480 320 0.416496 46 1 1
260 118 67 483 322 0.392178 46 2 1
261 119 45 486 324 0.398375 46 3 1
262 128 21 486 324 0.391730 46 4 1
263 NaN NaN NaN NaN NaN 0
264 NaN NaN NaN NaN NaN 0
265 120 80 480 320 0.457056 47 1 1
266 127 83 473 316 0.464614 47 2 1
267 NaN NaN NaN NaN NaN 0
268 NaN NaN NaN NaN NaN 0
269 120 80 480 320 0.467622 48 1 1
270 94 94 478 319 0.454710 48 2 1
271 72 111 478 319 0.436489 48 3 1
272 53 129 476 318 0.443221 48 4 1
273 46 146 476 318 0.464461 48 5 1
274 43 155 472 316 0.447212 48 6 1
275 36 164 458 307 0.439337 48 7 1
276 15 176 451 302 0.439601 48 8 1
277 01 291 160 107 0.662938 48 9 1
278 NaN NaN NaN NaN NaN 0
279 NaN NaN NaN NaN NaN 0
280 NaN NaN NaN NaN NaN 0
281 NaN NaN NaN NaN NaN 0
282 118 80 480 320 0.808464 50 1 1
283 150 95 449 299 0.859711 50 2 1
284 169 88 444 296 0.837788 50 3 1
285 214 71 436 291 0.838441 50 4 1
286 244 39 445 297 0.843123 50 5 1
287 313 27 399 266 0.689205 50 6 1
288 NaN NaN NaN NaN NaN 0
289 NaN NaN NaN NaN NaN 0
290 120 80 480 320 0.412044 51 1 1
291 NaN NaN NaN NaN NaN 0
292 NaN NaN NaN NaN NaN 0
293 265 89 333 222 0.671623 52 1 1
294 265 89 337 225 0.674877 52 2 1
295 NaN NaN NaN NaN NaN 0
296 NaN NaN NaN NaN NaN 0
297 120 80 480 320 0.449563 53 1 1
298 124 13 480 320 0.452453 53 2 1
299 NaN NaN NaN NaN NaN 0
300 NaN NaN NaN NaN NaN 0
301 120 80 480 320 0.557443 54 1 1
302 144 74 484 323 0.857339 54 2 1
303 155 57 475 317 0.858728 54 3 1
304 146 47 447 298 0.845726 54 4 1
305 112 26 449 300 0.846039 54 5 1
306 71 12 438 292 0.772703 54 6 1
307 21 01 440 293 0.776589 54 7 1
308 01 01 399 266 0.653056 54 8 1
309 NaN NaN NaN NaN NaN 0
310 NaN NaN NaN NaN NaN 0
311 121 80 479 319 0.702522 55 1 1
312 125 91 474 316 0.743445 55 2 1
313 117 70 485 323 0.750678 55 3 1
314 135 60 465 310 0.748397 55 4 1
315 100 22 512 341 0.817254 55 5 1
316 124 30 484 323 0.844775 55 6 1
317 128 31 487 325 0.852409 55 7 1
318 132 30 489 326 0.789896 55 8 1
319 141 30 487 325 0.786048 55 9 1
320 161 54 480 320 0.746150 55 10 1
321 182 59 484 323 0.888436 55 11 1
322 253 114 440 293 0.748906 55 12 1
323 313 183 399 266 0.689960 55 13 1
324 NaN NaN NaN NaN NaN 0
325 NaN NaN NaN NaN NaN 0
326 120 80 480 320 0.541371 56 1 1
327 141 98 477 318 0.982559 56 2 1
328 160 116 476 317 0.932018 56 3 1
329 185 129 472 314 0.855637 56 4 1
330 234 148 426 284 0.756208 56 5 1
331 287 174 399 266 0.729524 56 6 1
332 313 183 399 266 0.726394 56 7 1
333 313 183 399 266 0.658294 56 8 1
334 NaN NaN NaN NaN NaN 0
335 NaN NaN NaN NaN NaN 0
336 120 80 480 320 0.667973 57 1 1
337 134 86 478 319 0.700137 57 2 1
338 148 92 479 319 0.708916 57 3 1
339 154 68 528 352 0.767823 57 4 1
340 115 39 576 384 0.670034 57 5 1
341 119 37 576 384 0.687450 57 6 1
342 115 39 576 384 0.657048 57 7 1
343 126 44 576 384 0.664459 57 8 1
344 140 53 574 382 0.657410 57 9 1
345 NaN NaN NaN NaN NaN 0
346 NaN NaN NaN NaN NaN 0
347 120 80 480 320 0.788580 58 1 1
348 120 84 479 319 0.779142 58 2 1
349 120 95 476 317 0.785714 58 3 1
350 119 109 477 318 0.778663 58 4 1
351 115 122 479 320 0.759195 58 5 1
352 110 133 479 320 0.732852 58 6 1
353 107 141 481 322 0.708641 58 7 1
354 106 145 483 324 0.694072 58 8 1
355 157 183 399 266 0.656969 58 9 1
356 144 166 430 287 0.655970 58 10 1
357 151 155 432 288 0.647005 58 11 1
358 NaN NaN NaN NaN NaN 0
359 NaN NaN NaN NaN NaN 0
360 120 80 480 320 0.579407 59 1 1
361 136 83 482 322 0.880254 59 2 1
362 NaN NaN NaN NaN NaN 0
363 NaN NaN NaN NaN NaN 0
364 120 80 480 320 0.496145 60 1 1
365 122 93 481 321 0.502072 60 2 1
366 237 188 345 230 0.746656 60 3 1
367 236 182 388 259 0.781046 60 4 1
368 219 180 373 249 0.768502 60 5 1
369 NaN NaN NaN NaN NaN 0
370 NaN NaN NaN NaN NaN 0
371 120 80 480 320 0.550548 61 1 1
372 115 39 576 384 0.680220 61 2 1
373 106 52 528 352 0.816772 61 3 1
374 145 65 480 320 0.728824 61 4 1
375 153 48 484 323 0.790352 61 5 1
376 166 30 487 325 0.759676 61 6 1
377 NaN NaN NaN NaN NaN 0
378 NaN NaN NaN NaN NaN 0
379 120 80 480 320 0.526648 62 1 1
380 122 88 477 318 0.959599 62 2 1
381 118 100 476 318 0.967274 62 3 1
382 118 106 475 318 0.945669 62 4 1
383 123 112 475 318 0.926243 62 5 1
384 131 116 473 316 0.903224 62 6 1
385 138 123 473 316 0.866179 62 7 1
386 165 138 453 302 0.664862 62 8 1
387 165 153 453 302 0.626536 62 9 1
388 163 170 452 301 0.654780 62 10 1
389 118 209 399 266 0.777397 62 11 1
390 166 243 333 222 0.672209 62 12 1
391 NaN NaN NaN NaN NaN 0
392 NaN NaN NaN NaN NaN 0
393 120 80 479 319 0.320696 63 1 1
394 01 65 480 320 0.795887 63 2 1
395 NaN NaN NaN NaN NaN 0
396 NaN NaN NaN NaN NaN 0
397 120 80 480 320 0.334661 64 1 1
398 109 12 366 244 0.854154 64 2 1
399 55 01 277 185 0.669758 64 3 1
400 NaN NaN NaN NaN NaN 0
401 NaN NaN NaN NaN NaN 0
402 49 17 404 269 0.817290 65 1 1
403 47 08 377 251 0.750668 65 2 1
404 NaN NaN NaN NaN NaN 0
405 NaN NaN NaN NaN NaN 0
406 120 80 480 320 0.614401 66 1 1
407 43 80 413 275 0.697022 66 2 1
408 NaN NaN NaN NaN NaN 0
409 NaN NaN NaN NaN NaN 0
410 120 80 480 320 0.502945 67 1 1
411 NaN NaN NaN NaN NaN 0
412 NaN NaN NaN NaN NaN 0
413 120 80 480 320 0.603081 68 1 1
414 NaN NaN NaN NaN NaN 0
415 NaN NaN NaN NaN NaN 0
416 120 80 480 320 0.615493 69 1 1
417 88 47 499 332 0.771266 69 2 1
418 138 49 483 322 0.674536 69 3 1
419 129 69 448 298 0.833277 69 4 1
420 131 94 467 311 0.759879 69 5 1
421 125 132 446 297 0.749526 69 6 1
422 123 156 431 288 0.738803 69 7 1
423 NaN NaN NaN NaN NaN 0
424 NaN NaN NaN NaN NaN 0
425 120 80 480 320 0.733947 70 1 1
426 136 79 470 313 0.704014 70 2 1
427 145 65 480 320 0.847131 70 3 1
428 144 67 479 319 0.825590 70 4 1
429 NaN NaN NaN NaN NaN 0
430 NaN NaN NaN NaN NaN 0
431 120 80 480 320 0.633917 71 1 1
432 147 109 473 315 0.811713 71 2 1
433 169 88 475 317 0.869220 71 3 1
434 214 100 440 293 0.809434 71 4 1
435 207 89 453 302 0.789780 71 5 1
436 207 89 453 302 0.757721 71 6 1
437 208 96 452 301 0.732278 71 7 1
438 206 95 457 304 0.712626 71 8 1
439 214 100 440 293 0.704976 71 9 1
440 NaN NaN NaN NaN NaN 0
441 NaN NaN NaN NaN NaN 0
442 120 80 480 320 0.599983 72 1 1
443 NaN NaN NaN NaN NaN 0
444 NaN NaN NaN NaN NaN 0
445 120 80 480 320 0.748949 73 1 1
446 134 90 486 324 0.848315 73 2 1
447 104 70 485 323 0.752519 73 3 1
448 108 72 440 293 0.720329 73 4 1
449 79 79 399 266 0.654596 73 5 1
450 NaN NaN NaN NaN NaN 0
451 NaN NaN NaN NaN NaN 0
452 120 80 480 320 0.803220 74 1 1
453 119 67 512 341 0.815260 74 2 1
454 141 74 483 322 0.822367 74 3 1
455 162 59 484 323 0.808431 74 4 1
456 178 40 453 302 0.744843 74 5 1
457 195 43 440 293 0.807110 74 6 1
458 190 43 443 295 0.828527 74 7 1
459 176 37 448 298 0.822419 74 8 1
460 173 43 440 293 0.722635 74 9 1
461 NaN NaN NaN NaN NaN 0
462 NaN NaN NaN NaN NaN 0
463 120 80 480 320 0.660205 75 1 1
464 123 83 484 322 0.651854 75 2 1
465 129 85 487 324 0.655424 75 3 1
466 130 87 528 352 0.764241 75 4 1
467 137 80 530 353 0.735827 75 5 1
468 NaN NaN NaN NaN NaN 0
469 NaN NaN NaN NaN NaN 0
470 120 80 480 320 0.612777 76 1 1
471 150 108 504 336 0.732918 76 2 1
472 169 120 504 336 0.673070 76 3 1
473 187 128 504 336 0.638851 76 4 1
474 207 137 502 335 0.985656 76 5 1
475 214 143 440 293 0.739139 76 6 1
476 235 150 437 291 0.748674 76 7 1
477 274 183 399 266 0.701443 76 8 1
478 282 195 399 266 0.720042 76 9 1
479 294 209 399 266 0.750057 76 10 1
480 301 235 358 239 0.581595 76 11 1
481 NaN NaN NaN NaN NaN 0
482 NaN NaN NaN NaN NaN 0
483 120 80 480 320 0.446516 77 1 1
484 25 87 528 352 0.787780 77 2 1
485 49 97 480 320 0.712042 77 3 1
486 49 97 477 318 0.712889 77 4 1
487 47 96 478 318 0.704324 77 5 1
488 57 120 423 282 0.772559 77 6 1
489 46 115 422 281 0.797816 77 7 1
490 35 107 418 278 0.794540 77 8 1
491 20 80 425 283 0.799897 77 9 1
492 18 57 414 275 0.768722 77 10 1
493 01 53 399 266 0.747084 77 11 1
494 02 50 390 260 0.706005 77 12 1
495 NaN NaN NaN NaN NaN 0
496 NaN NaN NaN NaN NaN 0
497 120 80 480 320 0.780842 78 1 1
498 116 78 481 321 0.785549 78 2 1
499 112 76 481 321 0.797916 78 3 1
500 110 73 480 321 0.786718 78 4 1
501 111 71 479 321 0.771526 78 5 1
502 113 73 479 321 0.782054 78 6 1
503 115 74 479 321 0.794102 78 7 1
504 115 74 480 321 0.786356 78 8 1
505 114 74 478 320 0.782095 78 9 1
506 109 75 477 319 0.761881 78 10 1
507 105 78 476 318 0.799357 78 11 1
508 101 84 475 318 0.792968 78 12 1
509 99 88 475 318 0.798939 78 13 1
510 97 89 475 318 0.809440 78 14 1
511 95 91 475 318 0.784667 78 15 1
512 92 91 475 318 0.803134 78 16 1
513 86 89 476 318 0.816554 78 17 1
514 75 81 479 320 0.823755 78 18 1
515 62 71 478 319 0.842500 78 19 1
516 37 37 508 339 0.861660 78 20 1
517 27 26 509 340 0.862706 78 21 1
518 23 30 484 323 0.985388 78 22 1
519 34 35 467 311 0.923089 78 23 1
520 34 35 467 311 0.858469 78 24 1
521 26 32 466 311 0.832023 78 25 1
522 21 53 399 266 0.715107 78 26 1
523 08 50 400 267 0.721361 78 27 1
524 01 53 399 266 0.659467 78 28 1
525 NaN NaN NaN NaN NaN 0
526 NaN NaN NaN NaN NaN 0
527 120 80 480 320 0.744097 79 1 1
528 75 78 453 302 0.789104 79 2 1
529 63 76 454 303 0.782219 79 3 1
530 45 72 440 293 0.714812 79 4 1
531 33 66 442 295 0.717143 79 5 1
532 23 63 442 295 0.719515 79 6 1
533 14 61 440 294 0.712109 79 7 1
534 40 79 399 266 0.700589 79 8 1
535 31 79 400 267 0.718914 79 9 1
536 26 79 400 267 0.708247 79 10 1
537 30 76 419 280 0.748236 79 11 1
538 57 89 431 288 0.743602 79 12 1
539 60 105 399 266 0.703498 79 13 1
540 90 119 397 265 0.706514 79 14 1
541 90 120 426 284 0.731075 79 15 1
542 118 131 399 266 0.721519 79 16 1
543 166 150 356 237 0.674134 79 17 1
544 178 138 453 302 0.769340 79 18 1
545 199 146 452 301 0.782540 79 19 1
546 209 146 431 288 0.735832 79 20 1
547 226 147 431 288 0.729561 79 21 1
548 241 154 427 285 0.730000 79 22 1
549 246 163 430 287 0.742525 79 23 1
550 274 183 399 266 0.700384 79 24 1
551 280 187 398 266 0.678782 79 25 1
552 284 189 397 265 0.673368 79 26 1
553 284 193 397 265 0.677280 79 27 1
554 278 194 400 267 0.676364 79 28 1
555 271 193 401 267 0.680258 79 29 1
556 235 183 399 266 0.674871 79 30 1
557 223 180 402 268 0.675380 79 31 1
558 213 181 400 267 0.676691 79 32 1
559 199 180 402 268 0.643790 79 33 1
560 204 189 373 248 0.831982 79 34 1
561 167 170 395 264 0.914317 79 35 1
562 135 158 414 277 0.947715 79 36 1
563 80 136 423 282 0.870060 79 37 1
564 98 130 426 284 0.636459 79 38 1
565 30 108 423 282 0.790637 79 39 1
566 09 100 422 281 0.766934 79 40 1
567 NaN NaN NaN NaN NaN 0
568 NaN NaN NaN NaN NaN 0
569 120 80 480 320 0.719208 80 1 1
570 109 78 481 321 0.706488 80 2 1
571 97 65 480 320 0.845365 80 3 1
572 97 65 480 320 0.730840 80 4 1
573 84 58 477 318 0.733733 80 5 1
574 71 52 478 319 0.747026 80 6 1
575 60 46 478 319 0.751889 80 7 1
576 51 38 480 320 0.753066 80 8 1
577 46 31 477 318 0.754926 80 9 1
578 41 25 475 317 0.754474 80 10 1
579 38 20 476 318 0.749001 80 11 1
580 41 19 472 316 0.743241 80 12 1
581 48 19 469 314 0.727337 80 13 1
582 59 23 463 310 0.720598 80 14 1
583 49 33 480 320 0.650902 80 15 1
584 49 33 480 320 0.739244 80 16 1
585 60 40 480 320 0.726927 80 17 1
586 30 38 485 323 0.707920 80 18 1
587 43 52 487 324 0.690746 80 19 1
588 62 78 453 302 0.655709 80 20 1
589 70 90 452 301 0.639727 80 21 1
590 121 97 480 320 0.676241 80 22 1
591 125 105 480 320 0.678735 80 23 1
592 129 114 478 319 0.679616 80 24 1
593 132 123 475 317 0.686806 80 25 1
594 135 131 475 317 0.682161 80 26 1
595 140 140 474 316 0.682549 80 27 1
596 145 148 473 315 0.680004 80 28 1
597 147 155 472 314 0.682861 80 29 1
598 NaN NaN NaN NaN NaN 0
599 NaN NaN NaN NaN NaN 0
600 NaN NaN NaN NaN NaN 0
601 NaN NaN NaN NaN NaN 0
602 NaN NaN NaN NaN NaN 0
603 NaN NaN NaN NaN NaN 0
604 NaN NaN NaN NaN NaN 0
605 NaN NaN NaN NaN NaN 0
606 NaN NaN NaN NaN NaN 0
607 NaN NaN NaN NaN NaN 0
608 120 80 480 320 0.910642 85 1 1
609 120 80 481 320 0.864715 85 2 1
610 122 79 481 320 0.859815 85 3 1
611 NaN NaN NaN NaN NaN 0
612 NaN NaN NaN NaN NaN 0
613 NaN NaN NaN NaN NaN 0
614 NaN NaN NaN NaN NaN 0
615 NaN NaN NaN NaN NaN 0
616 NaN NaN NaN NaN NaN 0
617 120 80 479 319 0.640246 88 1 1
618 178 101 472 314 0.963934 88 2 1
619 193 97 480 320 0.744560 88 3 1
620 NaN NaN NaN NaN NaN 0
621 NaN NaN NaN NaN NaN 0
622 120 80 480 320 0.488382 89 1 1
623 193 65 480 320 0.881300 89 2 1
624 200 64 484 323 0.912356 89 3 1
625 193 81 480 320 0.829116 89 4 1
626 193 97 480 320 0.712582 89 5 1
627 274 183 399 266 0.650179 89 6 1
628 291 133 397 265 0.476969 89 7 1
629 312 151 388 259 0.452457 89 8 1
630 NaN NaN NaN NaN NaN 0
631 NaN NaN NaN NaN NaN 0
632 120 80 480 320 0.300121 90 1 1
633 134 34 494 329 0.300568 90 2 1
634 NaN NaN NaN NaN NaN 0
635 NaN NaN NaN NaN NaN 0
636 120 80 481 320 0.574772 91 1 1
637 124 79 480 320 0.975966 91 2 1
638 100 68 512 342 0.848043 91 3 1
639 121 69 467 311 0.815735 91 4 1
640 113 61 468 312 0.811162 91 5 1
641 109 61 465 310 0.798348 91 6 1
642 103 62 464 309 0.783713 91 7 1
643 101 65 460 306 0.760422 91 8 1
644 100 70 456 303 0.737406 91 9 1
645 96 73 458 304 0.721920 91 10 1
646 92 76 459 305 0.711856 91 11 1
647 89 79 458 304 0.695357 91 12 1
648 85 81 458 304 0.633840 91 13 1
649 82 84 456 303 0.974205 91 14 1
650 78 84 454 302 0.940411 91 15 1
651 118 27 399 266 0.767841 91 16 1
652 123 26 394 263 0.753395 91 17 1
653 128 24 389 260 0.748812 91 18 1
654 130 20 388 259 0.736149 91 19 1
655 130 20 388 259 0.716759 91 20 1
656 128 23 391 261 0.703247 91 21 1
657 128 25 391 261 0.699082 91 22 1
658 128 27 391 261 0.691703 91 23 1
659 130 28 390 260 0.694699 91 24 1
660 129 29 391 261 0.711110 91 25 1
661 129 32 388 259 0.727945 91 26 1
662 126 35 387 258 0.725149 91 27 1
663 122 41 384 256 0.722502 91 28 1
664 116 48 383 255 0.730734 91 29 1
665 108 56 386 257 0.741379 91 30 1
666 104 71 380 253 0.735033 91 31 1
667 101 88 376 250 0.699182 91 32 1
668 81 82 419 280 0.781726 91 33 1
669 82 120 426 284 0.783516 91 34 1
670 91 157 419 280 0.801881 91 35 1
671 118 196 399 266 0.739352 91 36 1
672 118 209 399 266 0.716019 91 37 1
673 138 209 399 266 0.758862 91 38 1
674 145 191 396 264 0.767417 91 39 1
675 104 128 463 309 0.795539 91 40 1
676 92 94 450 300 0.880773 91 41 1
677 72 55 449 299 0.843282 91 42 1
678 47 43 441 294 0.798683 91 43 1
679 21 43 440 293 0.828919 91 44 1
680 14 29 453 302 0.738810 91 45 1
681 05 23 454 302 0.735319 91 46 1
682 05 17 452 300 0.696867 91 47 1
683 07 13 447 297 0.642619 91 48 1
684 07 14 446 297 0.981964 91 49 1
685 08 18 446 297 0.960251 91 50 1
686 07 24 450 300 0.938862 91 51 1
687 04 32 457 305 0.866356 91 52 1
688 27 76 403 269 0.788353 91 53 1
689 22 97 402 268 0.784993 91 54 1
690 14 119 407 271 0.872271 91 55 1
691 26 161 366 244 0.772669 91 56 1
692 09 171 373 249 0.737322 91 57 1
693 NaN NaN NaN NaN NaN 0
694 NaN NaN NaN NaN NaN 0
695 120 80 480 320 0.675009 92 1 1
696 71 35 544 363 0.717785 92 2 1
697 68 26 539 360 0.713134 92 3 1
698 65 25 536 358 0.712928 92 4 1
699 60 26 536 358 0.700129 92 5 1
700 57 25 536 358 0.688130 92 6 1
701 56 25 534 357 0.683968 92 7 1
702 57 26 533 357 0.685383 92 8 1
703 60 26 534 358 0.685127 92 9 1
704 64 25 535 358 0.694502 92 10 1
705 68 22 512 341 0.761988 92 11 1
706 71 20 512 341 0.771852 92 12 1
707 72 19 512 341 0.771354 92 13 1
708 72 19 512 341 0.766394 92 14 1
709 71 19 513 341 0.766692 92 15 1
710 70 18 513 341 0.766777 92 16 1
711 68 17 513 341 0.769865 92 17 1
712 67 16 512 340 0.758512 92 18 1
713 67 13 512 340 0.755056 92 19 1
714 68 12 512 340 0.771032 92 20 1
715 70 10 511 340 0.777496 92 21 1
716 74 10 507 337 0.815765 92 22 1
717 86 12 503 334 0.859163 92 23 1
718 121 33 480 320 0.865810 92 24 1
719 134 28 486 324 0.897339 92 25 1
720 148 24 491 328 0.898459 92 26 1
721 161 24 493 329 0.903949 92 27 1
722 174 24 493 329 0.874995 92 28 1
723 179 24 493 329 0.844030 92 29 1
724 185 23 495 330 0.822175 92 30 1
725 183 22 498 332 0.806098 92 31 1
726 183 22 498 332 0.795915 92 32 1
727 184 20 496 330 0.779563 92 33 1
728 184 18 494 329 0.796270 92 34 1
729 178 17 492 328 0.796442 92 35 1
730 166 17 493 328 0.823512 92 36 1
731 153 19 492 328 0.826933 92 37 1
732 144 20 493 329 0.821595 92 38 1
733 140 19 492 328 0.826316 92 39 1
734 140 19 491 328 0.851860 92 40 1
735 139 19 491 328 0.838415 92 41 1
736 139 19 490 327 0.836899 92 42 1
737 139 18 490 327 0.827425 92 43 1
738 144 18 490 327 0.827260 92 44 1
739 146 16 495 331 0.822645 92 45 1
740 152 16 494 331 0.806490 92 46 1
741 155 16 493 330 0.779930 92 47 1
742 160 16 493 330 0.742556 92 48 1
743 162 09 493 330 0.675169 92 49 1
744 163 03 491 329 0.626347 92 50 1
745 NaN NaN NaN NaN NaN 0
746 NaN NaN NaN NaN NaN 0
747 120 80 480 320 0.595969 93 1 1
748 119 73 481 320 0.989999 93 2 1
749 118 69 479 319 0.973614 93 3 1
750 118 65 478 318 0.963482 93 4 1
751 116 62 479 319 0.953128 93 5 1
752 114 62 479 319 0.952275 93 6 1
753 113 63 477 318 0.953770 93 7 1
754 112 66 476 317 0.939547 93 8 1
755 109 65 479 319 0.913624 93 9 1
756 108 67 478 318 0.900944 93 10 1
757 107 67 479 318 0.882751 93 11 1
758 106 67 478 317 0.874544 93 12 1
759 103 67 479 318 0.801949 93 13 1
760 99 67 482 320 0.775787 93 14 1
761 95 68 485 322 0.745286 93 15 1
762 97 72 485 322 0.714556 93 16 1
763 102 76 484 321 0.663316 93 17 1
764 107 80 483 320 0.634807 93 18 1
765 107 81 484 321 0.976217 93 19 1
766 105 81 486 322 0.952199 93 20 1
767 103 81 485 322 0.946419 93 21 1
768 105 85 483 321 0.938363 93 22 1
769 108 89 481 320 0.896671 93 23 1
770 113 95 478 318 0.841582 93 24 1
771 117 102 476 317 0.810418 93 25 1
772 120 110 477 318 0.810021 93 26 1
773 121 119 479 319 0.795263 93 27 1
774 122 125 485 323 0.837957 93 28 1
775 116 129 487 324 0.857544 93 29 1
776 110 130 487 324 0.891543 93 30 1
777 102 125 490 326 0.915209 93 31 1
778 96 122 490 326 0.934451 93 32 1
779 91 118 490 326 0.898320 93 33 1
780 84 117 489 326 0.904275 93 34 1
781 77 117 490 327 0.864793 93 35 1
782 69 117 490 327 0.853283 93 36 1
783 59 115 492 328 0.851539 93 37 1
784 32 84 538 358 0.728176 93 38 1
785 22 73 538 358 0.738702 93 39 1
786 50 90 485 323 0.779141 93 40 1
787 43 86 485 323 0.806922 93 41 1
788 38 77 488 325 0.804447 93 42 1
789 36 56 502 335 0.729818 93 43 1
790 38 47 500 334 0.727709 93 44 1
791 30 37 499 332 0.833854 93 45 1
792 28 15 499 332 0.806438 93 46 1
793 30 03 489 325 0.840196 93 47 1
794 25 01 480 320 0.862919 93 48 1
795 79 27 399 266 0.657162 93 49 1
796 80 14 400 267 0.671052 93 50 1
797 79 01 399 266 0.659132 93 51 1
798 NaN NaN NaN NaN NaN 0
799 NaN NaN NaN NaN NaN 0
800 120 80 480 320 0.359316 94 1 1
801 NaN NaN NaN NaN NaN 0
802 NaN NaN NaN NaN NaN 0
803 NaN NaN NaN NaN NaN 0
804 NaN NaN NaN NaN NaN 0
805 NaN NaN NaN NaN NaN 0
806 NaN NaN NaN NaN NaN 0
807 NaN NaN NaN NaN NaN 0
808 NaN NaN NaN NaN NaN 0
809 NaN NaN NaN NaN NaN 0
810 NaN NaN NaN NaN NaN 0
811 NaN NaN NaN NaN NaN 0
812 NaN NaN NaN NaN NaN 0
813 NaN NaN NaN NaN NaN 0
814 NaN NaN NaN NaN NaN 0
815 NaN NaN NaN NaN NaN 0
816 NaN NaN NaN NaN NaN 0
817 NaN NaN NaN NaN NaN 0
818 NaN NaN NaN NaN NaN 0
819 NaN NaN NaN NaN NaN 0
820 NaN NaN NaN NaN NaN 0
821 NaN NaN NaN NaN NaN 0
822 NaN NaN NaN NaN NaN 0
823 NaN NaN NaN NaN NaN 0
824 NaN NaN NaN NaN NaN 0
825 NaN NaN NaN NaN NaN 0
826 NaN NaN NaN NaN NaN 0
827 NaN NaN NaN NaN NaN 0
828 NaN NaN NaN NaN NaN 0
829 NaN NaN NaN NaN NaN 0
830 NaN NaN NaN NaN NaN 0
831 120 81 478 319 0.612980 109 1 1
832 118 92 477 318 0.982132 109 2 1
833 117 105 473 315 0.979124 109 3 1
834 114 119 471 313 0.972316 109 4 1
835 109 133 469 312 0.976479 109 5 1
836 105 146 467 311 0.970394 109 6 1
837 NaN NaN NaN NaN NaN 0
838 NaN NaN NaN NaN NaN 0
839 120 80 480 320 0.479496 110 1 1
840 NaN NaN NaN NaN NaN 0
841 NaN NaN NaN NaN NaN 0
842 NaN NaN NaN NaN NaN 0
843 NaN NaN NaN NaN NaN 0
844 NaN NaN NaN NaN NaN 0
845 NaN NaN NaN NaN NaN 0
846 145 65 480 320 0.683242 113 1 1
847 146 58 482 321 0.684168 113 2 1
848 153 53 484 323 0.659524 113 3 1
849 161 51 485 323 0.654405 113 4 1
850 165 50 485 323 0.534334 113 5 1
851 162 50 488 325 0.976561 113 6 1
852 155 46 490 326 0.935673 113 7 1
853 146 39 493 328 0.929927 113 8 1
854 143 31 494 328 0.930165 113 9 1
855 139 24 495 328 0.931471 113 10 1
856 136 24 495 328 0.942404 113 11 1
857 137 24 495 328 0.960630 113 12 1
858 144 27 495 328 0.922157 113 13 1
859 153 33 496 329 0.908918 113 14 1
860 163 38 497 330 0.873376 113 15 1
861 174 43 496 330 0.839798 113 16 1
862 232 67 333 222 0.677246 113 17 1
863 NaN NaN NaN NaN NaN 0
864 NaN NaN NaN NaN NaN 0
865 120 80 481 321 0.687723 114 1 1
866 159 130 453 302 0.764319 114 2 1
867 145 129 480 320 0.701797 114 3 1
868 NaN NaN NaN NaN NaN 0
869 NaN NaN NaN NaN NaN 0
870 120 80 480 320 0.773678 115 1 1
871 118 82 479 319 0.728980 115 2 1
872 30 77 576 384 0.741401 115 3 1
873 30 86 573 382 0.637984 115 4 1
874 29 95 573 382 0.616544 115 5 1
875 45 123 484 323 0.779687 115 6 1
876 43 132 483 322 0.739370 115 7 1
877 116 154 423 282 0.785681 115 8 1
878 110 165 422 282 0.633811 115 9 1
879 101 180 420 281 0.470199 115 10 1
880 90 195 419 281 0.534339 115 11 1
881 NaN NaN NaN NaN NaN 0
882 NaN NaN NaN NaN NaN 0
883 78 87 528 352 0.899717 116 1 1
884 72 95 529 352 0.895337 116 2 1
885 115 125 467 311 0.917383 116 3 1
886 113 129 466 310 0.886312 116 4 1
887 111 131 467 311 0.872465 116 5 1
888 111 132 467 311 0.864172 116 6 1
889 111 134 466 310 0.855652 116 7 1
890 111 137 466 310 0.850145 116 8 1
891 110 139 464 309 0.839887 116 9 1
892 109 140 462 308 0.835143 116 10 1
893 107 140 462 308 0.843734 116 11 1
894 105 140 461 307 0.852693 116 12 1
895 102 138 462 307 0.859053 116 13 1
896 101 136 460 306 0.858961 116 14 1
897 100 134 459 305 0.843206 116 15 1
898 99 132 459 305 0.843707 116 16 1
899 97 131 459 305 0.845023 116 17 1
900 96 129 458 304 0.841477 116 18 1
901 95 127 456 303 0.839417 116 19 1
902 92 123 457 304 0.762743 116 20 1
903 25 87 528 352 0.782433 116 21 1
904 22 74 529 353 0.797731 116 22 1
905 23 66 528 352 0.800073 116 23 1
906 27 60 527 351 0.766282 116 24 1
907 32 61 526 350 0.725549 116 25 1
908 37 66 525 350 0.726493 116 26 1
909 41 71 526 351 0.729287 116 27 1
910 46 73 526 351 0.749112 116 28 1
911 51 71 527 352 0.779958 116 29 1
912 55 67 528 353 0.795246 116 30 1
913 59 63 528 353 0.810424 116 31 1
914 63 57 529 353 0.823550 116 32 1
915 67 51 529 353 0.830532 116 33 1
916 70 44 531 354 0.831007 116 34 1
917 124 62 484 323 0.840939 116 35 1
918 124 53 485 324 0.848301 116 36 1
919 115 35 467 311 0.813046 116 37 1
920 89 18 481 320 0.786364 116 38 1
921 61 11 486 324 0.893775 116 39 1
922 25 01 480 320 0.863533 116 40 1
923 17 01 453 302 0.834867 116 41 1
924 01 01 440 293 0.795713 116 42 1
925 01 01 440 293 0.722298 116 43 1
926 01 01 399 266 0.670879 116 44 1
927 NaN NaN NaN NaN NaN 0
928 NaN NaN NaN NaN NaN 0
929 97 65 480 320 0.693043 117 1 1
930 86 59 479 319 0.670853 117 2 1
931 73 55 481 320 0.648754 117 3 1
932 01 33 480 320 0.659282 117 4 1
933 01 33 480 320 0.693582 117 5 1
934 NaN NaN NaN NaN NaN 0
935 NaN NaN NaN NaN NaN 0
936 97 65 480 320 0.776922 118 1 1
937 98 60 479 320 0.780888 118 2 1
938 99 53 482 322 0.796849 118 3 1
939 NaN NaN NaN NaN NaN 0
940 NaN NaN NaN NaN NaN 0
941 97 33 480 320 0.722600 119 1 1
942 113 16 473 315 0.565891 119 2 1
943 NaN NaN NaN NaN NaN 0
944 NaN NaN NaN NaN NaN 0
945 NaN NaN NaN NaN NaN 0
946 NaN NaN NaN NaN NaN 0
947 119 80 482 321 0.501116 121 1 1
948 131 80 480 320 0.967919 121 2 1
949 NaN NaN NaN NaN NaN 0
950 NaN NaN NaN NaN NaN 0
951 119 80 479 319 0.707446 122 1 1
952 NaN NaN NaN NaN NaN 0
953 NaN NaN NaN NaN NaN 0
954 120 81 477 318 0.508881 123 1 1
955 NaN NaN NaN NaN NaN 0
956 NaN NaN NaN NaN NaN 0
957 118 79 484 322 0.707382 124 1 1
958 NaN NaN NaN NaN NaN 0
959 NaN NaN NaN NaN NaN 0
960 NaN NaN NaN NaN NaN 0
961 NaN NaN NaN NaN NaN 0
962 NaN NaN NaN NaN NaN 0
963 NaN NaN NaN NaN NaN 0
964 120 80 481 320 0.477101 127 1 1
965 NaN NaN NaN NaN NaN 0
966 NaN NaN NaN NaN NaN 0
967 120 80 480 320 0.770744 128 1 1
968 124 81 484 322 0.762661 128 2 1
969 145 97 480 320 0.736109 128 3 1
970 153 96 480 320 0.664365 128 4 1
971 NaN NaN NaN NaN NaN 0
972 NaN NaN NaN NaN NaN 0
973 120 80 480 320 0.497858 129 1 1
974 NaN NaN NaN NaN NaN 0
975 NaN NaN NaN NaN NaN 0
976 120 80 480 320 0.476866 130 1 1
977 NaN NaN NaN NaN NaN 0
978 NaN NaN NaN NaN NaN 0
979 120 80 480 320 0.948756 131 1 1
980 119 78 478 319 0.941901 131 2 1
981 115 76 474 316 0.861685 131 3 1
982 107 76 473 315 0.749946 131 4 1
983 100 80 473 315 0.744274 131 5 1
984 96 82 475 317 0.724599 131 6 1
985 95 83 476 318 0.726485 131 7 1
986 94 81 478 320 0.733241 131 8 1
987 49 65 480 320 0.667399 131 9 1
988 48 57 484 322 0.672744 131 10 1
989 50 46 485 323 0.671890 131 11 1
990 49 33 480 320 0.669657 131 12 1
991 52 27 473 316 0.660849 131 13 1
992 54 21 469 313 0.636462 131 14 1
993 86 22 440 293 0.811865 131 15 1
994 81 16 484 323 0.722863 131 16 1
995 68 12 512 341 0.758965 131 17 1
996 85 17 504 336 0.674148 131 18 1
997 96 19 505 337 0.640835 131 19 1
998 104 20 503 336 0.901741 131 20 1
999 100 22 512 341 0.770512 131 21 1
1000 94 19 515 343 0.746864 131 22 1
1001 79 13 519 346 0.696210 131 23 1
1002 62 01 526 350 0.691410 131 24 1
1003 49 01 480 320 0.653762 131 25 1
1004 NaN NaN NaN NaN NaN 0
1005 NaN NaN NaN NaN NaN 0
1006 120 80 480 320 0.503542 132 1 1
1007 117 68 477 318 0.861361 132 2 1
1008 NaN NaN NaN NaN NaN 0
1009 NaN NaN NaN NaN NaN 0
1010 97 65 480 320 0.804280 133 1 1
1011 92 62 484 323 0.711919 133 2 1
1012 145 65 480 320 0.676264 133 3 1
1013 97 33 480 320 0.702800 133 4 1
1014 NaN NaN NaN NaN NaN 0
1015 NaN NaN NaN NaN NaN 0
1016 NaN NaN NaN NaN NaN 0
1017 NaN NaN NaN NaN NaN 0
1018 120 80 481 320 0.372491 135 1 1
1019 NaN NaN NaN NaN NaN 0
1020 NaN NaN NaN NaN NaN 0
1021 NaN NaN NaN NaN NaN 0
1022 NaN NaN NaN NaN NaN 0
1023 120 80 480 320 0.751093 137 1 1
1024 117 81 474 316 0.536309 137 2 1
1025 NaN NaN NaN NaN NaN 0
1026 NaN NaN NaN NaN NaN 0
1027 120 80 480 320 0.494479 138 1 1
1028 137 88 475 317 0.467924 138 2 1
1029 149 97 473 316 0.453558 138 3 1
1030 NaN NaN NaN NaN NaN 0
1031 NaN NaN NaN NaN NaN 0
1032 120 80 480 320 0.641613 139 1 1
1033 116 85 478 318 0.976593 139 2 1
1034 109 87 477 317 0.900209 139 3 1
1035 100 90 512 341 0.844643 139 4 1
1036 87 81 506 337 0.809070 139 5 1
1037 73 74 503 335 0.777183 139 6 1
1038 69 79 467 311 0.814342 139 7 1
1039 56 82 485 323 0.748653 139 8 1
1040 47 84 484 322 0.690014 139 9 1
1041 38 84 488 324 0.638842 139 10 1
1042 01 77 576 384 0.756060 139 11 1
1043 NaN NaN NaN NaN NaN 0
1044 NaN NaN NaN NaN NaN 0
1045 120 80 480 320 0.638278 140 1 1
1046 NaN NaN NaN NaN NaN 0
1047 NaN NaN NaN NaN NaN 0
1048 120 80 480 320 0.664424 141 1 1
1049 130 52 528 352 0.838594 141 2 1
1050 115 39 576 384 0.697582 141 3 1
1051 NaN NaN NaN NaN NaN 0
1052 NaN NaN NaN NaN NaN 0
1053 120 80 480 320 0.820131 142 1 1
1054 NaN NaN NaN NaN NaN 0
1055 NaN NaN NaN NaN NaN 0
1056 120 80 481 321 0.529669 143 1 1
1057 118 93 482 322 0.872843 143 2 1
1058 NaN NaN NaN NaN NaN 0
1059 NaN NaN NaN NaN NaN 0
1060 120 80 480 320 0.613250 144 1 1
1061 NaN NaN NaN NaN NaN 0
1062 NaN NaN NaN NaN NaN 0
1063 78 52 528 352 0.698022 145 1 1
1064 78 52 528 352 0.712157 145 2 1
1065 74 43 531 354 0.707119 145 3 1
1066 72 57 502 335 0.824094 145 4 1
1067 106 52 528 352 0.854484 145 5 1
1068 138 59 504 336 0.811763 145 6 1
1069 152 70 485 323 0.753037 145 7 1
1070 172 85 484 323 0.794191 145 8 1
1071 151 90 512 341 0.706272 145 9 1
1072 214 114 440 293 0.684087 145 10 1
1073 NaN NaN NaN NaN NaN 0
1074 NaN NaN NaN NaN NaN 0
1075 120 80 480 320 0.774363 146 1 1
1076 131 99 467 311 0.752122 146 2 1
1077 117 122 418 279 0.803733 146 3 1
1078 120 112 485 323 0.781242 146 4 1
1079 114 123 484 323 0.868620 146 5 1
1080 NaN NaN NaN NaN NaN 0
1081 NaN NaN NaN NaN NaN 0
1082 120 80 480 320 0.546905 147 1 1
1083 149 54 473 316 0.872480 147 2 1
1084 159 42 441 294 0.791023 147 3 1
1085 136 20 485 323 0.714825 147 4 1
1086 129 22 494 329 0.703347 147 5 1
1087 121 30 501 334 0.595812 147 6 1
1088 115 41 497 332 0.967590 147 7 1
1089 112 48 489 326 0.929956 147 8 1
1090 105 68 499 332 0.676052 147 9 1
1091 92 61 464 309 0.766293 147 10 1
1092 89 63 438 292 0.711797 147 11 1
1093 61 67 458 305 0.814427 147 12 1
1094 50 62 458 305 0.822376 147 13 1
1095 42 52 460 306 0.831301 147 14 1
1096 40 42 457 304 0.809853 147 15 1
1097 39 40 456 303 0.808004 147 16 1
1098 64 52 441 294 0.758062 147 17 1
1099 62 58 444 296 0.776247 147 18 1
1100 61 74 448 299 0.825969 147 19 1
1101 64 97 440 294 0.867594 147 20 1
1102 62 114 443 296 0.867506 147 21 1
1103 67 117 454 303 0.755309 147 22 1
1104 64 120 452 302 0.759495 147 23 1
1105 75 137 423 282 0.795055 147 24 1
1106 76 149 426 284 0.826358 147 25 1
1107 85 168 415 277 0.830467 147 26 1
1108 88 185 415 277 0.825680 147 27 1
1109 93 201 407 272 0.807638 147 28 1
1110 105 211 386 257 0.664807 147 29 1
1111 105 238 352 235 0.739657 147 30 1
1112 118 209 399 266 0.726708 147 31 1
1113 NaN NaN NaN NaN NaN 0
1114 NaN NaN NaN NaN NaN 0
1115 120 80 480 320 0.674576 148 1 1
1116 104 78 528 352 0.861355 148 2 1
1117 133 92 525 350 0.867187 148 3 1
1118 164 106 517 345 0.802918 148 4 1
1119 193 129 480 320 0.815179 148 5 1
1120 NaN NaN NaN NaN NaN 0
1121 NaN NaN NaN NaN NaN 0
1122 120 80 480 320 0.543228 149 1 1
1123 128 77 467 311 0.867424 149 2 1
1124 127 74 460 306 0.827484 149 3 1
1125 120 62 470 312 0.806180 149 4 1
1126 121 46 466 309 0.734469 149 5 1
1127 NaN NaN NaN NaN NaN 0
1128 NaN NaN NaN NaN NaN 0
1129 120 80 480 320 0.574244 150 1 1
1130 110 74 480 320 0.992611 150 2 1
1131 103 68 477 318 0.991932 150 3 1
1132 100 64 476 317 0.958652 150 4 1
1133 111 54 483 322 0.815834 150 5 1
1134 119 49 485 324 0.814684 150 6 1
1135 126 45 490 327 0.829665 150 7 1
1136 136 40 490 327 0.833437 150 8 1
1137 138 32 493 329 0.825959 150 9 1
1138 139 30 486 325 0.824876 150 10 1
1139 133 29 487 325 0.761567 150 11 1
1140 126 31 487 325 0.745761 150 12 1
1141 120 32 487 325 0.687257 150 13 1
1142 115 35 488 326 0.689163 150 14 1
1143 112 35 492 329 0.735425 150 15 1
1144 111 35 490 328 0.811923 150 16 1
1145 102 33 493 330 0.880389 150 17 1
1146 91 26 496 332 0.908454 150 18 1
1147 89 20 493 330 0.894448 150 19 1
1148 87 17 492 329 0.879040 150 20 1
1149 88 16 491 328 0.826980 150 21 1
1150 86 16 493 329 0.804809 150 22 1
1151 84 15 495 330 0.762169 150 23 1
1152 84 15 495 330 0.722981 150 24 1
1153 83 15 496 331 0.696263 150 25 1
1154 94 16 494 330 0.672243 150 26 1
1155 105 18 494 330 0.664789 150 27 1
1156 108 16 489 327 0.647233 150 28 1
1157 102 15 491 328 0.942479 150 29 1
1158 99 14 491 328 0.927573 150 30 1
1159 98 14 491 328 0.912481 150 31 1
1160 96 14 492 329 0.860107 150 32 1
1161 95 13 493 329 0.825194 150 33 1
1162 97 11 489 326 0.798845 150 34 1
1163 96 04 490 327 0.778746 150 35 1
1164 97 01 480 320 0.698035 150 36 1
1165 NaN NaN NaN NaN NaN 0
1166 NaN NaN NaN NaN NaN 0
1167 120 80 480 320 0.613816 151 1 1
1168 137 68 480 320 0.998315 151 2 1
1169 152 52 482 321 0.995967 151 3 1
1170 142 26 499 332 0.897356 151 4 1
1171 147 23 489 325 0.877170 151 5 1
1172 177 33 461 307 0.816657 151 6 1
1173 143 38 484 323 0.889825 151 7 1
1174 181 62 469 313 0.962435 151 8 1
1175 201 100 446 297 0.969853 151 9 1
1176 NaN NaN NaN NaN NaN 0
1177 NaN NaN NaN NaN NaN 0
1178 120 80 480 320 0.410614 152 1 1
1179 111 103 475 317 0.394882 152 2 1
1180 99 126 472 315 0.383648 152 3 1
1181 92 145 476 318 0.393110 152 4 1
1182 NaN NaN NaN NaN NaN 0
1183 NaN NaN NaN NaN NaN 0
1184 120 80 480 320 0.568578 153 1 1
1185 113 92 477 318 0.984030 153 2 1
1186 127 120 456 304 0.775570 153 3 1
1187 127 129 440 293 0.752141 153 4 1
1188 120 122 434 290 0.743130 153 5 1
1189 110 113 436 291 0.729865 153 6 1
1190 60 97 484 323 0.725058 153 7 1
1191 64 86 474 316 0.736112 153 8 1
1192 55 73 474 316 0.731789 153 9 1
1193 50 57 476 317 0.732241 153 10 1
1194 48 38 480 320 0.731017 153 11 1
1195 51 21 480 320 0.724430 153 12 1
1196 52 01 477 318 0.732736 153 13 1
1197 42 06 467 311 0.704094 153 14 1
1198 66 07 423 282 0.659941 153 15 1
1199 01 01 480 320 0.749305 153 16 1
1200 01 01 480 320 0.686058 153 17 1
1201 NaN NaN NaN NaN NaN 0
1202 NaN NaN NaN NaN NaN 0
1203 120 80 480 320 0.840390 154 1 1
1204 117 81 480 320 0.786878 154 2 1
1205 113 81 480 320 0.826076 154 3 1
1206 107 76 482 321 0.841686 154 4 1
1207 100 70 484 323 0.834783 154 5 1
1208 96 67 478 319 0.818306 154 6 1
1209 85 62 483 322 0.825411 154 7 1
1210 73 54 489 326 0.858843 154 8 1
1211 01 01 576 384 0.709427 154 9 1
1212 01 01 576 384 0.737551 154 10 1
1213 01 17 528 352 0.748044 154 11 1
1214 01 33 480 320 0.696158 154 12 1
1215 49 65 480 320 0.671789 154 13 1
1216 49 74 479 319 0.653890 154 14 1
1217 59 82 478 318 0.679742 154 15 1
1218 77 89 482 320 0.649539 154 16 1
1219 104 99 484 322 0.969134 154 17 1
1220 146 104 479 319 0.776709 154 18 1
1221 196 116 473 315 0.724027 154 19 1
1222 241 127 474 316 0.730950 154 20 1
1223 331 199 333 222 0.723566 154 21 1
1224 357 207 334 223 0.665485 154 22 1
1225 NaN NaN NaN NaN NaN 0
1226 NaN NaN NaN NaN NaN 0
1227 120 80 480 320 0.717222 155 1 1
1228 75 87 528 352 0.688152 155 2 1
1229 67 89 526 350 0.673272 155 3 1
1230 65 91 523 348 0.659921 155 4 1
1231 81 90 512 341 0.711685 155 5 1
1232 88 81 513 341 0.703180 155 6 1
1233 94 70 514 341 0.693902 155 7 1
1234 99 60 515 342 0.673497 155 8 1
1235 58 39 576 384 0.654169 155 9 1
1236 54 30 578 386 0.657266 155 10 1
1237 97 33 480 320 0.702442 155 11 1
1238 90 27 481 320 0.703588 155 12 1
1239 86 21 481 320 0.708675 155 13 1
1240 97 01 480 320 0.674918 155 14 1
1241 97 01 478 319 0.783406 155 15 1
1242 97 01 480 320 0.807386 155 16 1
1243 96 00 476 317 0.810098 155 17 1
1244 97 01 480 320 0.780515 155 18 1
1245 73 01 480 320 0.813204 155 19 1
1246 49 01 480 320 0.812024 155 20 1
1247 49 01 480 320 0.744753 155 21 1
1248 25 01 480 320 0.819186 155 22 1
1249 21 00 485 323 0.819669 155 23 1
1250 22 00 484 322 0.846563 155 24 1
1251 22 01 484 322 0.886368 155 25 1
1252 32 02 482 320 0.874936 155 26 1
1253 40 06 480 319 0.861005 155 27 1
1254 46 09 478 318 0.863272 155 28 1
1255 47 09 477 317 0.857871 155 29 1
1256 48 09 476 316 0.850912 155 30 1
1257 43 10 477 317 0.884927 155 31 1
1258 37 15 477 317 0.890392 155 32 1
1259 30 17 480 319 0.833086 155 33 1
1260 19 21 492 327 0.817144 155 34 1
1261 09 27 501 333 0.774416 155 35 1
1262 04 39 500 332 0.762365 155 36 1
1263 40 72 440 293 0.732140 155 37 1
1264 38 80 436 290 0.706239 155 38 1
1265 34 81 439 292 0.697801 155 39 1
1266 29 78 444 295 0.699281 155 40 1
1267 27 81 442 294 0.722362 155 41 1
1268 18 83 447 297 0.713284 155 42 1
1269 NaN NaN NaN NaN NaN 0
1270 NaN NaN NaN NaN NaN 0
1271 120 80 480 320 0.675347 156 1 1
1272 112 80 481 321 0.676140 156 2 1
1273 108 82 470 313 0.670594 156 3 1
1274 49 65 480 320 0.672030 156 4 1
1275 49 56 512 341 0.805604 156 5 1
1276 30 37 516 343 0.801402 156 6 1
1277 25 33 480 320 0.918541 156 7 1
1278 25 33 480 320 0.866361 156 8 1
1279 19 38 474 316 0.893009 156 9 1
1280 15 47 463 309 0.879804 156 10 1
1281 04 53 463 309 0.902691 156 11 1
1282 NaN NaN NaN NaN NaN 0
1283 NaN NaN NaN NaN NaN 0
1284 120 80 480 320 0.640545 157 1 1
1285 118 83 479 319 0.935013 157 2 1
1286 119 90 479 319 0.925516 157 3 1
1287 147 127 440 293 0.791105 157 4 1
1288 134 149 442 294 0.750148 157 5 1
1289 124 173 440 293 0.756232 157 6 1
1290 118 209 399 266 0.593244 157 7 1
1291 NaN NaN NaN NaN NaN 0
1292 NaN NaN NaN NaN NaN 0
1293 120 80 480 320 0.491199 158 1 1
1294 151 105 478 319 0.517934 158 2 1
1295 NaN NaN NaN NaN NaN 0
1296 NaN NaN NaN NaN NaN 0
1297 120 80 480 320 0.354512 159 1 1
1298 152 43 480 320 0.357790 159 2 1
1299 173 05 486 324 0.325407 159 3 1
1300 NaN NaN NaN NaN NaN 0
1301 NaN NaN NaN NaN NaN 0
1302 120 80 480 320 0.306504 160 1 1
1303 130 01 528 352 0.753974 160 2 1
1304 140 07 509 339 0.499140 160 3 1
1305 265 23 333 222 0.689191 160 4 1
1306 257 17 333 222 0.536564 160 5 1
1307 NaN NaN NaN NaN NaN 0
1308 NaN NaN NaN NaN NaN 0
1309 120 80 480 320 0.730905 161 1 1
1310 164 95 403 269 0.856688 161 2 1
1311 111 49 483 322 0.939599 161 3 1
1312 107 46 484 323 0.885228 161 4 1
1313 100 36 486 325 0.876939 161 5 1
1314 91 19 488 326 0.895588 161 6 1
1315 88 06 485 324 0.888421 161 7 1
1316 88 10 453 302 0.857767 161 8 1
1317 87 00 446 297 0.819755 161 9 1
1318 126 12 366 244 0.718047 161 10 1
1319 118 01 399 266 0.762872 161 11 1
1320 107 03 403 269 0.783547 161 12 1
1321 89 09 400 267 0.773939 161 13 1
1322 79 01 399 266 0.817800 161 14 1
1323 90 12 366 244 0.757294 161 15 1
1324 100 23 333 222 0.650240 161 16 1
1325 72 29 336 224 0.665363 161 17 1
1326 68 29 339 226 0.670991 161 18 1
1327 72 31 337 225 0.662784 161 19 1
1328 82 38 335 224 0.669453 161 20 1
1329 90 48 334 224 0.679694 161 21 1
1330 91 58 335 225 0.684779 161 22 1
1331 88 73 335 225 0.686063 161 23 1
1332 82 83 336 226 0.690879 161 24 1
1333 80 92 334 225 0.697500 161 25 1
1334 81 103 331 223 0.694681 161 26 1
1335 82 114 330 222 0.724296 161 27 1
1336 80 121 330 222 0.722287 161 28 1
1337 79 122 330 222 0.715314 161 29 1
1338 80 118 332 223 0.726427 161 30 1
1339 88 109 328 220 0.700463 161 31 1
1340 96 91 330 221 0.682585 161 32 1
1341 108 69 332 222 0.691809 161 33 1
1342 114 47 338 226 0.680139 161 34 1
1343 120 31 339 227 0.641065 161 35 1
1344 122 13 342 229 0.914539 161 36 1
1345 130 02 332 222 0.830806 161 37 1
1346 133 01 333 222 0.731905 161 38 1
1347 134 01 332 221 0.604988 161 39 1
1348 NaN NaN NaN NaN NaN 0
1349 NaN NaN NaN NaN NaN 0
1350 120 80 480 320 0.674930 162 1 1
1351 97 65 480 320 0.705911 162 2 1
1352 86 55 485 324 0.703834 162 3 1
1353 81 41 485 324 0.691622 162 4 1
1354 78 27 483 322 0.705405 162 5 1
1355 78 15 484 323 0.714268 162 6 1
1356 82 07 480 320 0.723392 162 7 1
1357 108 01 440 293 0.679493 162 8 1
1358 109 01 438 292 0.700525 162 9 1
1359 108 02 439 292 0.704802 162 10 1
1360 73 01 480 320 0.867940 162 11 1
1361 49 01 480 320 0.704166 162 12 1
1362 55 12 480 320 0.665157 162 13 1
1363 63 28 477 318 0.642256 162 14 1
1364 70 46 476 317 0.992291 162 15 1
1365 74 64 477 318 0.980109 162 16 1
1366 80 82 477 318 0.979959 162 17 1
1367 89 99 479 319 0.975366 162 18 1
1368 98 114 481 320 0.980303 162 19 1
1369 108 130 480 319 0.931625 162 20 1
1370 118 146 482 320 0.788522 162 21 1
1371 196 183 399 266 0.653153 162 22 1
1372 210 203 396 264 0.616468 162 23 1
1373 NaN NaN NaN NaN NaN 0
1374 NaN NaN NaN NaN NaN 0
1375 120 80 480 320 0.757789 163 1 1
1376 122 82 484 323 0.762064 163 2 1
1377 125 90 482 321 0.762414 163 3 1
1378 132 94 479 319 0.732911 163 4 1
1379 141 99 478 319 0.762092 163 5 1
1380 171 128 450 300 0.857732 163 6 1
1381 182 130 447 298 0.831275 163 7 1
1382 193 127 448 299 0.821001 163 8 1
1383 202 124 450 300 0.781374 163 9 1
1384 203 112 463 309 0.841532 163 10 1
1385 204 110 460 307 0.834916 163 11 1
1386 195 102 464 310 0.843892 163 12 1
1387 161 88 502 335 0.868436 163 13 1
1388 162 98 484 323 0.847235 163 14 1
1389 147 103 479 320 0.847806 163 15 1
1390 133 108 477 319 0.839843 163 16 1
1391 119 111 479 321 0.821598 163 17 1
1392 109 115 479 321 0.798271 163 18 1
1393 101 120 476 319 0.807988 163 19 1
1394 92 125 476 319 0.807815 163 20 1
1395 84 128 476 319 0.820677 163 21 1
1396 79 126 480 322 0.828699 163 22 1
1397 79 125 480 322 0.826623 163 23 1
1398 80 126 479 322 0.823300 163 24 1
1399 66 130 484 323 0.760514 163 25 1
1400 84 140 467 311 0.894031 163 26 1
1401 84 151 466 311 0.891965 163 27 1
1402 83 159 465 311 0.916384 163 28 1
1403 81 168 461 309 0.900478 163 29 1
1404 118 209 399 266 0.728444 163 30 1
1405 118 209 399 266 0.762442 163 31 1
1406 NaN NaN NaN NaN NaN 0
1407 NaN NaN NaN NaN NaN 0
1408 120 80 480 320 0.678800 164 1 1
1409 119 85 479 319 0.675279 164 2 1
1410 120 82 480 320 0.667306 164 3 1
1411 121 77 480 320 0.668701 164 4 1
1412 119 66 485 323 0.656104 164 5 1
1413 118 57 486 324 0.667094 164 6 1
1414 119 47 486 324 0.658464 164 7 1
1415 120 37 487 325 0.633836 164 8 1
1416 116 29 487 325 0.949698 164 9 1
1417 112 22 488 326 0.906309 164 10 1
1418 109 15 489 326 0.891303 164 11 1
1419 106 05 492 328 0.853822 164 12 1
1420 NaN NaN NaN NaN NaN 0
1421 NaN NaN NaN NaN NaN 0
1422 120 80 480 320 0.643429 165 1 1
1423 114 71 482 321 0.937813 165 2 1
1424 112 62 482 321 0.868177 165 3 1
1425 108 55 480 320 0.834254 165 4 1
1426 100 48 478 319 0.810934 165 5 1
1427 73 17 480 320 0.779658 165 6 1
1428 75 02 482 321 0.743566 165 7 1
1429 NaN NaN NaN NaN NaN 0
1430 NaN NaN NaN NaN NaN 0
1431 120 80 480 320 0.673937 166 1 1
1432 118 70 481 321 0.682042 166 2 1
1433 115 51 467 311 0.841497 166 3 1
1434 115 45 466 310 0.842702 166 4 1
1435 NaN NaN NaN NaN NaN 0
1436 NaN NaN NaN NaN NaN 0
1437 120 80 480 320 0.776038 167 1 1
1438 153 83 426 284 0.805338 167 2 1
1439 102 52 528 352 0.785088 167 3 1
1440 103 55 525 350 0.790354 167 4 1
1441 103 60 523 349 0.790902 167 5 1
1442 102 69 520 347 0.801524 167 6 1
1443 100 76 520 347 0.816119 167 7 1
1444 130 87 528 352 0.746095 167 8 1
1445 136 92 528 352 0.751901 167 9 1
1446 144 98 525 350 0.759187 167 10 1
1447 147 102 525 350 0.784727 167 11 1
1448 149 103 527 351 0.771806 167 12 1
1449 151 103 527 351 0.747975 167 13 1
1450 153 103 526 351 0.739444 167 14 1
1451 155 103 526 351 0.736121 167 15 1
1452 160 102 525 350 0.736888 167 16 1
1453 166 100 523 349 0.739995 167 17 1
1454 171 96 524 349 0.736493 167 18 1
1455 177 96 519 346 0.731607 167 19 1
1456 179 96 519 346 0.731708 167 20 1
1457 181 97 518 345 0.730437 167 21 1
1458 183 98 517 344 0.734721 167 22 1
1459 188 99 514 342 0.731566 167 23 1
1460 194 103 512 340 0.736229 167 24 1
1461 199 110 510 339 0.736460 167 25 1
1462 NaN NaN NaN NaN NaN 0
1463 NaN NaN NaN NaN NaN 0
1464 120 80 480 320 0.607018 168 1 1
1465 129 98 470 313 0.984864 168 2 1
1466 133 117 468 312 0.976472 168 3 1
1467 135 143 456 304 0.880889 168 4 1
1468 125 152 464 310 0.887604 168 5 1
1469 110 159 476 318 0.813378 168 6 1
1470 178 226 366 244 0.703958 168 7 1
1471 177 232 364 243 0.656894 168 8 1
1472 177 234 365 243 0.663818 168 9 1
1473 157 209 399 266 0.733391 168 10 1
1474 156 209 400 267 0.722543 168 11 1
1475 154 207 400 267 0.712132 168 12 1
1476 154 206 400 267 0.716443 168 13 1
1477 157 207 399 266 0.711284 168 14 1
1478 162 207 399 266 0.702804 168 15 1
1479 164 206 402 268 0.713453 168 16 1
1480 166 203 403 268 0.726124 168 17 1
1481 165 197 404 268 0.733799 168 18 1
1482 163 190 404 268 0.732484 168 19 1
1483 161 182 405 269 0.742569 168 20 1
1484 163 175 407 270 0.743820 168 21 1
1485 169 169 407 270 0.742917 168 22 1
1486 177 166 405 269 0.738406 168 23 1
1487 185 160 406 269 0.720319 168 24 1
1488 191 148 409 271 0.700364 168 25 1
1489 193 129 416 276 0.677539 168 26 1
1490 192 112 418 277 0.670782 168 27 1
1491 189 92 422 280 0.657654 168 28 1
1492 188 71 424 282 0.654536 168 29 1
1493 190 53 428 285 0.659394 168 30 1
1494 207 77 389 259 0.703510 168 31 1
1495 202 64 403 269 0.698788 168 32 1
1496 NaN NaN NaN NaN NaN 0
1497 NaN NaN NaN NaN NaN 0
1498 120 80 480 320 0.571483 169 1 1
1499 93 83 481 320 0.952936 169 2 1
1500 73 81 481 320 0.870396 169 3 1
1501 61 79 482 320 0.867315 169 4 1
1502 56 77 486 323 0.877185 169 5 1
1503 59 76 486 323 0.889865 169 6 1
1504 67 73 488 325 0.894974 169 7 1
1505 NaN NaN NaN NaN NaN 0
1506 NaN NaN NaN NaN NaN 0
1507 120 80 480 320 0.713269 170 1 1
1508 97 65 480 320 0.770736 170 2 1
1509 67 51 493 328 0.769605 170 3 1
1510 45 40 491 327 0.754931 170 4 1
1511 29 29 487 325 0.751902 170 5 1
1512 16 26 485 324 0.737219 170 6 1
1513 11 22 484 323 0.776206 170 7 1
1514 03 39 481 321 0.768693 170 8 1
1515 23 85 404 269 0.722178 170 9 1
1516 14 96 399 266 0.689594 170 10 1
1517 01 105 399 266 0.659371 170 11 1
1518 NaN NaN NaN NaN NaN 0
1519 NaN NaN NaN NaN NaN 0
1520 120 80 480 320 0.683741 171 1 1
1521 107 83 481 321 0.662378 171 2 1
1522 108 114 440 293 0.694003 171 3 1
1523 NaN NaN NaN NaN NaN 0
1524 NaN NaN NaN NaN NaN 0
1525 145 97 480 320 0.906907 172 1 1
1526 232 177 333 222 0.703328 172 2 1
1527 NaN NaN NaN NaN NaN 0
1528 NaN NaN NaN NaN NaN 0
1529 120 80 480 320 0.583605 173 1 1
1530 165 89 453 302 0.722607 173 2 1
1531 151 85 440 293 0.762378 173 3 1
1532 149 77 442 294 0.772016 173 4 1
1533 141 68 444 295 0.776545 173 5 1
1534 129 60 441 293 0.757225 173 6 1
1535 118 51 438 291 0.755140 173 7 1
1536 111 42 434 289 0.738713 173 8 1
1537 108 27 440 293 0.757038 173 9 1
1538 127 27 440 293 0.772662 173 10 1
1539 151 27 440 293 0.788956 173 11 1
1540 174 28 441 294 0.795032 173 12 1
1541 192 33 442 295 0.763998 173 13 1
1542 214 43 440 293 0.755866 173 14 1
1543 214 56 440 293 0.700119 173 15 1
1544 209 69 440 293 0.669649 173 16 1
1545 193 65 480 320 0.685679 173 17 1
1546 190 71 479 319 0.695024 173 18 1
1547 188 82 475 316 0.693320 173 19 1
1548 188 95 472 314 0.705044 173 20 1
1549 191 110 467 311 0.723578 173 21 1
1550 193 97 480 320 0.749353 173 22 1
1551 235 157 399 266 0.690144 173 23 1
1552 252 170 391 261 0.688145 173 24 1
1553 NaN NaN NaN NaN NaN 0
1554 NaN NaN NaN NaN NaN 0
1555 120 80 481 320 0.375462 174 1 1
1556 126 105 478 318 0.381281 174 2 1
1557 131 126 477 317 0.385020 174 3 1
1558 NaN NaN NaN NaN NaN 0
1559 NaN NaN NaN NaN NaN 0
1560 120 80 481 320 0.487355 175 1 1
1561 NaN NaN NaN NaN NaN 0
1562 NaN NaN NaN NaN NaN 0
1563 122 81 477 318 0.606435 176 1 1
1564 119 90 475 316 0.953168 176 2 1
1565 58 77 576 384 0.716091 176 3 1
1566 44 76 581 387 0.691576 176 4 1
1567 NaN NaN NaN NaN NaN 0
1568 NaN NaN NaN NaN NaN 0
1569 120 80 480 320 0.479078 177 1 1
1570 103 65 477 318 0.475198 177 2 1
1571 95 54 474 316 0.477096 177 3 1
1572 91 51 474 316 0.481882 177 4 1
1573 91 55 474 316 0.481267 177 5 1
1574 49 33 480 320 0.775129 177 6 1
1575 61 49 478 319 0.782755 177 7 1
1576 84 59 474 316 0.678453 177 8 1
1577 110 71 471 314 0.646855 177 9 1
1578 131 91 467 312 0.970300 177 10 1
1579 152 107 463 310 0.954937 177 11 1
1580 175 119 459 308 0.776025 177 12 1
1581 200 120 457 307 0.769362 177 13 1
1582 226 119 455 306 0.689848 177 14 1
1583 250 124 450 303 0.629232 177 15 1
1584 271 132 448 302 0.979281 177 16 1
1585 NaN NaN NaN NaN NaN 0
1586 NaN NaN NaN NaN NaN 0
1587 120 80 480 320 0.597849 178 1 1
1588 138 96 475 317 0.917241 178 2 1
1589 145 107 474 316 0.765198 178 3 1
1590 147 108 477 318 0.664142 178 4 1
1591 155 105 478 318 0.569881 178 5 1
1592 NaN NaN NaN NaN NaN 0
1593 NaN NaN NaN NaN NaN 0
1594 120 80 480 320 0.683309 179 1 1
1595 NaN NaN NaN NaN NaN 0
1596 NaN NaN NaN NaN NaN 0
1597 120 80 480 320 0.428065 180 1 1
1598 NaN NaN NaN NaN NaN 0
1599 NaN NaN NaN NaN NaN 0
1600 120 80 479 320 0.316522 181 1 1
1601 NaN NaN NaN NaN NaN 0
1602 NaN NaN NaN NaN NaN 0
1603 178 12 366 244 0.709062 182 1 1
1604 321 61 160 107 0.655535 182 2 1
1605 305 25 192 128 0.654256 182 3 1
1606 341 11 172 115 0.619470 182 4 1
1607 NaN NaN NaN NaN NaN 0
1608 NaN NaN NaN NaN NaN 0
1609 120 80 480 320 0.496586 183 1 1
1610 247 27 426 284 0.773021 183 2 1
1611 274 01 399 266 0.674704 183 3 1
1612 NaN NaN NaN NaN NaN 0
1613 NaN NaN NaN NaN NaN 0
1614 120 80 480 320 0.477496 184 1 1
1615 108 66 485 324 0.487407 184 2 1
1616 NaN NaN NaN NaN NaN 0
1617 NaN NaN NaN NaN NaN 0
1618 120 80 480 320 0.427178 185 1 1
1619 NaN NaN NaN NaN NaN 0
1620 NaN NaN NaN NaN NaN 0
1621 NaN NaN NaN NaN NaN 0
1622 NaN NaN NaN NaN NaN 0
1623 NaN NaN NaN NaN NaN 0
1624 NaN NaN NaN NaN NaN 0
1625 232 177 333 222 0.740148 188 1 1
1626 NaN NaN NaN NaN NaN 0
1627 NaN NaN NaN NaN NaN 0
1628 120 80 480 320 0.458615 189 1 1
1629 01 241 93 62 0.669183 189 2 1
1630 NaN NaN NaN NaN NaN 0
1631 NaN NaN NaN NaN NaN 0
1632 120 80 480 320 0.160315 190 1 1
1633 NaN NaN NaN NaN NaN 0
1634 NaN NaN NaN NaN NaN 0
1635 NaN NaN NaN NaN NaN 0
1636 NaN NaN NaN NaN NaN 0
1637 NaN NaN NaN NaN NaN 0
1638 NaN NaN NaN NaN NaN 0
1639 121 79 483 322 0.476569 193 1 1
1640 NaN NaN NaN NaN NaN 0
1641 NaN NaN NaN NaN NaN 0
1642 NaN NaN NaN NaN NaN 0
1643 NaN NaN NaN NaN NaN 0
1644 NaN NaN NaN NaN NaN 0
1645 NaN NaN NaN NaN NaN 0
1646 NaN NaN NaN NaN NaN 0
1647 NaN NaN NaN NaN NaN 0
1648 NaN NaN NaN NaN NaN 0
1649 NaN NaN NaN NaN NaN 0
1650 NaN NaN NaN NaN NaN 0
1651 NaN NaN NaN NaN NaN 0
1652 119 79 483 322 0.322215 199 1 1
1653 NaN NaN NaN NaN NaN 0
1654 NaN NaN NaN NaN NaN 0
1655 217 217 277 185 0.693371 200 1 1
1656 372 140 105 70 0.268376 200 2 1
1657 NaN NaN NaN NaN NaN 0
1658 NaN NaN NaN NaN NaN 0
1659 120 80 480 320 0.705655 201 1 1
1660 138 106 483 322 0.864078 201 2 1
1661 130 103 528 352 0.780419 201 3 1
1662 193 129 480 320 0.775935 201 4 1
1663 NaN NaN NaN NaN NaN 0
1664 NaN NaN NaN NaN NaN 0
1665 120 80 480 320 0.684314 202 1 1
1666 126 85 474 316 0.733232 202 2 1
1667 148 98 460 307 0.837024 202 3 1
1668 205 111 426 284 0.829554 202 4 1
1669 235 118 399 266 0.783917 202 5 1
1670 278 101 398 265 0.779108 202 6 1
1671 313 105 399 266 0.677461 202 7 1
1672 NaN NaN NaN NaN NaN 0
1673 NaN NaN NaN NaN NaN 0
1674 120 80 480 320 0.417809 203 1 1
1675 NaN NaN NaN NaN NaN 0
1676 NaN NaN NaN NaN NaN 0
1677 161 44 346 230 0.732639 204 1 1
1678 NaN NaN NaN NaN NaN 0
1679 NaN NaN NaN NaN NaN 0
1680 120 80 480 320 0.506307 205 1 1
1681 123 83 483 322 0.842775 205 2 1
1682 131 73 489 326 0.652420 205 3 1
1683 145 33 480 320 0.692699 205 4 1
1684 NaN NaN NaN NaN NaN 0
1685 NaN NaN NaN NaN NaN 0
1686 168 58 329 219 0.843949 206 1 1
1687 149 14 309 206 0.749721 206 2 1
1688 137 32 223 149 0.805653 206 3 1
1689 84 06 209 140 0.745002 206 4 1
1690 63 18 167 112 0.730484 206 5 1
1691 51 26 153 102 0.620888 206 6 1
1692 38 14 151 100 0.600542 206 7 1
1693 NaN NaN NaN NaN NaN 0
1694 NaN NaN NaN NaN NaN 0
1695 120 80 480 320 0.678761 207 1 1
1696 64 130 440 293 0.760725 207 2 1
1697 80 95 528 352 0.803770 207 3 1
1698 94 74 521 347 0.881132 207 4 1
1699 121 59 448 298 0.858108 207 5 1
1700 NaN NaN NaN NaN NaN 0
1701 NaN NaN NaN NaN NaN 0
1702 49 01 480 320 0.753442 208 1 1
1703 NaN NaN NaN NaN NaN 0
1704 NaN NaN NaN NaN NaN 0
1705 NaN NaN NaN NaN NaN 0
1706 NaN NaN NaN NaN NaN 0
1707 NaN NaN NaN NaN NaN 0
1708 NaN NaN NaN NaN NaN 0
1709 NaN NaN NaN NaN NaN 0
1710 NaN NaN NaN NaN NaN 0
1711 NaN NaN NaN NaN NaN 0
1712 NaN NaN NaN NaN NaN 0
1713 NaN NaN NaN NaN NaN 0
1714 NaN NaN NaN NaN NaN 0
1715 121 81 476 318 0.222244 214 1 1
1716 NaN NaN NaN NaN NaN 0
1717 NaN NaN NaN NaN NaN 0
1718 313 105 399 266 0.666299 215 1 1
1719 NaN NaN NaN NaN NaN 0
1720 NaN NaN NaN NaN NaN 0
1721 120 81 478 319 0.446254 216 1 1
1722 NaN NaN NaN NaN NaN 0
1723 NaN NaN NaN NaN NaN 0
1724 120 80 481 321 0.687211 217 1 1
1725 193 65 480 320 0.823685 217 2 1
1726 193 97 480 320 0.725668 217 3 1
1727 NaN NaN NaN NaN NaN 0
1728 NaN NaN NaN NaN NaN 0
1729 NaN NaN NaN NaN NaN 0
1730 NaN NaN NaN NaN NaN 0
1731 120 80 480 320 0.785040 219 1 1
1732 144 62 493 328 0.759106 219 2 1
1733 177 44 506 336 0.707852 219 3 1
1734 145 65 480 320 0.662163 219 4 1
1735 NaN NaN NaN NaN NaN 0
1736 NaN NaN NaN NaN NaN 0
1737 120 80 480 320 0.519741 220 1 1
1738 NaN NaN NaN NaN NaN 0
1739 NaN NaN NaN NaN NaN 0
1740 120 80 479 320 0.717979 221 1 1
1741 NaN NaN NaN NaN NaN 0
1742 NaN NaN NaN NaN NaN 0
1743 120 80 480 320 0.328557 222 1 1
1744 NaN NaN NaN NaN NaN 0
1745 NaN NaN NaN NaN NaN 0
1746 120 80 480 320 0.355863 223 1 1
1747 NaN NaN NaN NaN NaN 0
1748 NaN NaN NaN NaN NaN 0
1749 NaN NaN NaN NaN NaN 0
1750 NaN NaN NaN NaN NaN 0
1751 NaN NaN NaN NaN NaN 0
1752 NaN NaN NaN NaN NaN 0
1753 NaN NaN NaN NaN NaN 0
1754 NaN NaN NaN NaN NaN 0
1755 NaN NaN NaN NaN NaN 0
1756 NaN NaN NaN NaN NaN 0
1757 120 80 480 320 0.477151 228 1 1
1758 NaN NaN NaN NaN NaN 0
1759 NaN NaN NaN NaN NaN 0
1760 NaN NaN NaN NaN NaN 0
1761 NaN NaN NaN NaN NaN 0
1762 NaN NaN NaN NaN NaN 0
1763 NaN NaN NaN NaN NaN 0
1764 120 80 480 320 0.764504 231 1 1
1765 NaN NaN NaN NaN NaN 0
1766 NaN NaN NaN NaN NaN 0
1767 120 80 480 320 0.793737 232 1 1
1768 NaN NaN NaN NaN NaN 0
1769 NaN NaN NaN NaN NaN 0
1770 120 80 480 320 0.657104 233 1 1
1771 NaN NaN NaN NaN NaN 0
1772 NaN NaN NaN NaN NaN 0
1773 146 112 215 143 0.800511 234 1 1
1774 NaN NaN NaN NaN NaN 0
1775 NaN NaN NaN NaN NaN 0
1776 118 183 399 266 0.660961 235 1 1
1777 40 183 399 266 0.700792 235 2 1
1778 NaN NaN NaN NaN NaN 0
1779 NaN NaN NaN NaN NaN 0
1780 120 80 480 320 0.391605 236 1 1
1781 NaN NaN NaN NaN NaN 0
1782 NaN NaN NaN NaN NaN 0
1783 120 80 480 320 0.452241 237 1 1
1784 96 113 418 279 0.714376 237 2 1
1785 79 131 399 266 0.664380 237 3 1
1786 63 157 362 242 0.611826 237 4 1
1787 NaN NaN NaN NaN NaN 0
1788 NaN NaN NaN NaN NaN 0
1789 120 80 480 320 0.564063 238 1 1
1790 126 102 450 300 0.926360 238 2 1
1791 NaN NaN NaN NaN NaN 0
1792 NaN NaN NaN NaN NaN 0
1793 120 80 480 320 0.563610 239 1 1
1794 99 64 481 321 0.988391 239 2 1
1795 76 38 487 325 0.968122 239 3 1
1796 59 29 453 302 0.928741 239 4 1
1797 23 21 443 295 0.809075 239 5 1
1798 44 50 402 268 0.761157 239 6 1
1799 24 58 399 266 0.769109 239 7 1
1800 NaN NaN NaN NaN NaN 0
1801 NaN NaN NaN NaN NaN 0
1802 120 80 480 320 0.597213 240 1 1
1803 97 79 472 315 0.924798 240 2 1
1804 76 101 404 269 0.713720 240 3 1
1805 57 103 374 249 0.665631 240 4 1
1806 26 95 369 245 0.622880 240 5 1
1807 10 114 336 224 0.802655 240 6 1
1808 01 119 305 204 0.716696 240 7 1
1809 NaN NaN NaN NaN NaN 0
1810 NaN NaN NaN NaN NaN 0
1811 54 22 460 307 0.870806 241 1 1
1812 21 14 440 293 0.703404 241 2 1
1813 NaN NaN NaN NaN NaN 0
1814 NaN NaN NaN NaN NaN 0
1815 120 80 480 320 0.494608 242 1 1
1816 37 39 415 277 0.871729 242 2 1
1817 32 33 431 288 0.865777 242 3 1
1818 41 32 434 289 0.812590 242 4 1
1819 44 39 415 277 0.757711 242 5 1
1820 27 25 403 269 0.717754 242 6 1
1821 18 23 366 244 0.671209 242 7 1
1822 01 45 333 222 0.660392 242 8 1
1823 NaN NaN NaN NaN NaN 0
1824 NaN NaN NaN NaN NaN 0
1825 120 80 480 320 0.470997 243 1 1
1826 NaN NaN NaN NaN NaN 0
1827 NaN NaN NaN NaN NaN 0
1828 120 80 481 321 0.424388 244 1 1
1829 NaN NaN NaN NaN NaN 0
1830 NaN NaN NaN NaN NaN 0
1831 120 80 480 320 0.621428 245 1 1
1832 97 97 480 320 0.742763 245 2 1
1833 97 65 480 320 0.720121 245 3 1
1834 193 65 480 320 0.747851 245 4 1
1835 234 56 470 313 0.659941 245 5 1
1836 313 79 399 266 0.678012 245 6 1
1837 NaN NaN NaN NaN NaN 0
1838 NaN NaN NaN NaN NaN 0
1839 145 65 480 320 0.778296 246 1 1
1840 NaN NaN NaN NaN NaN 0
1841 NaN NaN NaN NaN NaN 0
1842 120 80 481 320 0.731912 247 1 1
1843 88 72 440 293 0.826297 247 2 1
1844 169 97 480 320 0.843665 247 3 1
1845 187 123 484 322 0.819958 247 4 1
1846 NaN NaN NaN NaN NaN 0
1847 NaN NaN NaN NaN NaN 0
1848 120 80 480 320 0.444126 248 1 1
1849 NaN NaN NaN NaN NaN 0
1850 NaN NaN NaN NaN NaN 0
1851 120 80 480 320 0.805375 249 1 1
1852 97 65 480 320 0.680153 249 2 1
1853 NaN NaN NaN NaN NaN 0
1854 NaN NaN NaN NaN NaN 0
1855 140 33 331 221 0.746801 250 1 1
1856 NaN NaN NaN NaN NaN 0
1857 NaN NaN NaN NaN NaN 0
1858 145 65 480 320 0.794949 251 1 1
1859 NaN NaN NaN NaN NaN 0
1860 NaN NaN NaN NaN NaN 0
1861 NaN NaN NaN NaN NaN 0
1862 NaN NaN NaN NaN NaN 0
1863 NaN NaN NaN NaN NaN 0
1864 NaN NaN NaN NaN NaN 0
1865 NaN NaN NaN NaN NaN 0
1866 NaN NaN NaN NaN NaN 0
1867 NaN NaN NaN NaN NaN 0
1868 NaN NaN NaN NaN NaN 0
1869 NaN NaN NaN NaN NaN 0
1870 NaN NaN NaN NaN NaN 0
1871 NaN NaN NaN NaN NaN 0
1872 NaN NaN NaN NaN NaN 0
1873 NaN NaN NaN NaN NaN 0
1874 NaN NaN NaN NaN NaN 0
1875 NaN NaN NaN NaN NaN 0
1876 NaN NaN NaN NaN NaN 0
1877 NaN NaN NaN NaN NaN 0
1878 NaN NaN NaN NaN NaN 0
1879 112 78 489 326 0.316057 261 1 1
1880 NaN NaN NaN NaN NaN 0
1881 NaN NaN NaN NaN NaN 0
1882 120 80 480 320 0.334389 262 1 1
1883 NaN NaN NaN NaN NaN 0
1884 NaN NaN NaN NaN NaN 0
1885 121 81 478 319 0.709742 263 1 1
1886 213 45 431 288 0.703525 263 2 1
1887 178 40 453 302 0.742296 263 3 1
1888 147 56 440 293 0.727740 263 4 1
1889 135 64 437 291 0.736581 263 5 1
1890 NaN NaN NaN NaN NaN 0
1891 NaN NaN NaN NaN NaN 0
1892 120 80 480 320 0.599109 264 1 1
1893 169 113 480 320 0.601435 264 2 1
1894 NaN NaN NaN NaN NaN 0
1895 NaN NaN NaN NaN NaN 0
1896 120 80 480 320 0.544001 265 1 1
1897 NaN NaN NaN NaN NaN 0
1898 NaN NaN NaN NaN NaN 0
1899 88 85 440 293 0.857570 266 1 1
1900 01 39 576 384 0.704933 266 2 1
1901 NaN NaN NaN NaN NaN 0
1902 NaN NaN NaN NaN NaN 0
1903 NaN NaN NaN NaN NaN 0
1904 NaN NaN NaN NaN NaN 0
1905 97 129 480 320 0.841565 268 1 1
1906 157 183 399 266 0.672523 268 2 1
1907 NaN NaN NaN NaN NaN 0
1908 NaN NaN NaN NaN NaN 0
1909 NaN NaN NaN NaN NaN 0
1910 NaN NaN NaN NaN NaN 0
1911 145 33 480 320 0.884665 270 1 1
1912 145 33 480 320 0.662078 270 2 1
1913 NaN NaN NaN NaN NaN 0
1914 NaN NaN NaN NaN NaN 0
1915 NaN NaN NaN NaN NaN 0
1916 NaN NaN NaN NaN NaN 0
1917 NaN NaN NaN NaN NaN 0
1918 NaN NaN NaN NaN NaN 0
1919 145 65 480 320 0.680730 273 1 1
1920 196 92 399 266 0.690847 273 2 1
1921 NaN NaN NaN NaN NaN 0
1922 NaN NaN NaN NaN NaN 0
1923 274 157 399 266 0.727455 274 1 1
1924 386 366 77 51 0.668678 274 2 1
1925 313 27 399 266 0.725774 274 3 1
1926 364 34 333 222 0.676953 274 4 1
1927 377 55 330 220 0.645389 274 5 1
1928 NaN NaN NaN NaN NaN 0
1929 NaN NaN NaN NaN NaN 0
1930 120 80 480 320 0.728998 275 1 1
1931 111 57 462 308 0.608409 275 2 1
1932 199 133 333 222 0.708499 275 3 1
1933 84 56 440 293 0.872248 275 4 1
1934 NaN NaN NaN NaN NaN 0
1935 NaN NaN NaN NaN NaN 0
1936 81 78 512 341 0.685519 276 1 1
1937 102 103 528 352 0.658027 276 2 1
1938 NaN NaN NaN NaN NaN 0
1939 NaN NaN NaN NaN NaN 0
1940 97 129 480 320 0.739536 277 1 1
1941 77 145 483 322 0.738241 277 2 1
1942 49 81 480 320 0.737964 277 3 1
1943 79 157 399 266 0.660141 277 4 1
1944 NaN NaN NaN NaN NaN 0
1945 NaN NaN NaN NaN NaN 0
1946 97 33 480 320 0.661995 278 1 1
1947 NaN NaN NaN NaN NaN 0
1948 NaN NaN NaN NaN NaN 0
1949 171 40 440 293 0.837373 279 1 1
1950 NaN NaN NaN NaN NaN 0
1951 NaN NaN NaN NaN NaN 0
1952 58 01 576 384 0.652185 280 1 1
1953 130 17 528 352 0.830173 280 2 1
1954 142 33 531 354 0.781493 280 3 1
1955 152 37 534 356 0.713107 280 4 1
1956 NaN NaN NaN NaN NaN 0
1957 NaN NaN NaN NaN NaN 0
1958 120 80 481 320 0.500050 281 1 1
1959 214 101 440 293 0.883284 281 2 1
1960 NaN NaN NaN NaN NaN 0
1961 NaN NaN NaN NaN NaN 0
1962 NaN NaN NaN NaN NaN 0
1963 NaN NaN NaN NaN NaN 0
1964 120 79 480 320 0.382253 283 1 1
1965 01 65 480 320 0.811358 283 2 1
1966 NaN NaN NaN NaN NaN 0
1967 NaN NaN NaN NaN NaN 0
1968 NaN NaN NaN NaN NaN 0
1969 NaN NaN NaN NaN NaN 0
1970 120 79 481 320 0.321972 285 1 1
1971 NaN NaN NaN NaN NaN 0
1972 NaN NaN NaN NaN NaN 0
1973 NaN NaN NaN NaN NaN 0
1974 NaN NaN NaN NaN NaN 0
1975 NaN NaN NaN NaN NaN 0
1976 NaN NaN NaN NaN NaN 0
1977 49 65 480 320 0.674115 288 1 1
1978 NaN NaN NaN NaN NaN 0
1979 NaN NaN NaN NaN NaN 0
1980 NaN NaN NaN NaN NaN 0
1981 NaN NaN NaN NaN NaN 0
1982 145 65 480 320 0.661177 290 1 1
1983 NaN NaN NaN NaN NaN 0
1984 NaN NaN NaN NaN NaN 0
1985 NaN NaN NaN NaN NaN 0
1986 NaN NaN NaN NaN NaN 0
1987 58 01 576 384 0.728834 292 1 1
1988 NaN NaN NaN NaN NaN 0
1989 NaN NaN NaN NaN NaN 0
1990 NaN NaN NaN NaN NaN 0
1991 NaN NaN NaN NaN NaN 0
1992 121 81 478 319 0.405804 294 1 1
1993 NaN NaN NaN NaN NaN 0
1994 NaN NaN NaN NaN NaN 0
1995 NaN NaN NaN NaN NaN 0
1996 NaN NaN NaN NaN NaN 0
1997 NaN NaN NaN NaN NaN 0
1998 NaN NaN NaN NaN NaN 0
1999 NaN NaN NaN NaN NaN 0
2000 NaN NaN NaN NaN NaN 0
2001 196 53 399 266 0.756550 298 1 1
2002 NaN NaN NaN NaN NaN 0
2003 NaN NaN NaN NaN NaN 0
2004 NaN NaN NaN NaN NaN 0
2005 NaN NaN NaN NaN NaN 0
2006 166 92 426 284 0.894764 300 1 1
2007 157 105 399 266 0.668230 300 2 1
2008 159 104 401 267 0.670413 300 3 1
2009 180 103 432 288 0.849176 300 4 1
2010 NaN NaN NaN NaN NaN 0
2011 NaN NaN NaN NaN NaN 0
2012 120 80 480 320 0.481505 301 1 1
2013 NaN NaN NaN NaN NaN 0
2014 NaN NaN NaN NaN NaN 0
2015 97 33 480 320 0.719183 302 1 1
2016 126 61 437 292 0.817839 302 2 1
2017 25 17 528 352 0.845017 302 3 1
2018 75 38 485 323 0.682662 302 4 1
2019 72 38 485 323 0.812803 302 5 1
2020 95 23 484 322 0.815599 302 6 1
2021 153 64 403 269 0.836695 302 7 1
2022 NaN NaN NaN NaN NaN 0
2023 NaN NaN NaN NaN NaN 0
2024 NaN NaN NaN NaN NaN 0
2025 NaN NaN NaN NaN NaN 0
2026 151 162 404 269 0.732273 304 1 1
2027 NaN NaN NaN NaN NaN 0
2028 NaN NaN NaN NaN NaN 0
2029 123 82 475 316 0.813935 305 1 1
2030 104 89 485 323 0.795417 305 2 1
2031 89 95 485 323 0.787696 305 3 1
2032 127 143 440 293 0.721529 305 4 1
2033 116 141 447 298 0.828411 305 5 1
2034 104 98 485 323 0.894005 305 6 1
2035 117 85 464 309 0.850932 305 7 1
2036 117 81 463 308 0.760792 305 8 1
2037 105 59 508 339 0.820193 305 9 1
2038 118 81 511 341 0.786051 305 10 1
2039 202 133 447 298 0.772890 305 11 1
2040 193 113 480 320 0.727645 305 12 1
2041 274 157 399 266 0.661502 305 13 1
2042 313 157 399 266 0.650007 305 14 1
2043 NaN NaN NaN NaN NaN 0
2044 NaN NaN NaN NaN NaN 0
2045 121 80 478 318 0.738579 306 1 1
2046 191 98 453 302 0.732814 306 2 1
2047 234 27 440 293 0.722983 306 3 1
2048 NaN NaN NaN NaN NaN 0
2049 NaN NaN NaN NaN NaN 0
2050 NaN NaN NaN NaN NaN 0
2051 NaN NaN NaN NaN NaN 0
2052 121 196 377 251 0.730682 308 1 1
2053 40 183 399 266 0.690054 308 2 1
2054 NaN NaN NaN NaN NaN 0
2055 NaN NaN NaN NaN NaN 0
2056 128 85 464 309 0.591888 309 1 1
2057 NaN NaN NaN NaN NaN 0
2058 NaN NaN NaN NaN NaN 0
2059 100 68 513 342 0.771331 310 1 1
2060 49 68 528 352 0.794719 310 2 1
2061 25 68 528 352 0.751640 310 3 1
2062 25 65 480 320 0.714550 310 4 1
2063 NaN NaN NaN NaN NaN 0
2064 NaN NaN NaN NaN NaN 0
2065 121 81 478 319 0.605676 311 1 1
2066 114 96 471 315 0.699485 311 2 1
2067 112 89 480 321 0.619411 311 3 1
2068 94 72 479 321 0.892705 311 4 1
2069 84 67 512 341 0.748569 311 5 1
2070 97 97 480 320 0.797077 311 6 1
2071 NaN NaN NaN NaN NaN 0
2072 NaN NaN NaN NaN NaN 0
2073 183 172 418 279 0.876142 312 1 1
2074 NaN NaN NaN NaN NaN 0
2075 NaN NaN NaN NaN NaN 0
2076 235 183 399 266 0.684922 313 1 1
2077 NaN NaN NaN NaN NaN 0
2078 NaN NaN NaN NaN NaN 0
2079 203 244 253 169 0.800363 314 1 1
2080 NaN NaN NaN NaN NaN 0
2081 NaN NaN NaN NaN NaN 0
2082 119 80 481 321 0.727370 315 1 1
2083 127 69 440 293 0.769386 315 2 1
2084 NaN NaN NaN NaN NaN 0
2085 NaN NaN NaN NaN NaN 0
2086 120 80 480 320 0.618319 316 1 1
2087 NaN NaN NaN NaN NaN 0
2088 NaN NaN NaN NaN NaN 0
